-0.024692-0.0041921i,-0.022725+0.0021853i,-0.017342-0.0076503i,-0.029945-0.012379i,-0.028936+0.0041688i,-0.038436-0.0037263i,-0.061259-0.027578i,-0.032687-0.014108i,-0.030703-0.0025968i,0.0062215+0.0034221i,-0.0029313+0.0067396i,-0.005404+0.014125i,0.0059354+0.0086561i,-0.0013893+0.003967i,0.0048066+0.0043405i,0.0044766+0.025231i,0.022889+0.021752i,0.00080882-0.0010246i,0.00083451-0.0064405i,0.0063625-0.00060414i,0.0054772-0.0010539i,0.0032895+0.0021675i,0.00091857-0.00033124i,-0.025159-0.0013712i,-0.0056734-0.0045357i,-0.0015995+0.0033004i,0.00088537-0.0017976i,-0.00088853+0.00074832i,-0.0010904+0.00083696i,-0.0023208-0.0034079i,-0.0041657-0.0016856i,-0.006187-0.0063612i,-0.0022179+0.0006909i,-0.00059557-0.00018261i,0.0012685-0.0031868i,0.00062303+0.018711i,0.0013712-0.0025562i,0.00045919-0.0026749i,0.0038385-0.0024498i,-0.0017944-0.0035369i,0.00084158+0.00028582i,0.0071629+0.00050856i,0.0050122-0.0044793i,-0.0011249+0.0020931i,-0.013327+0.016736i,-0.029544+0.05726i,-0.0041266-0.037144i,-0.014601-0.017697i,-0.037119-0.016142i,-0.027383-0.011644i,0.032743-0.0098062i,0.0072652-0.031178i,0.01289-0.040784i,-0.012336-0.029532i,0.025087-0.023352i,0.013373+0.0069897i,0.030622-0.035686i,-0.0017013-0.0038042i,0.0060603-0.0078926i,0.00039608-0.0048969i,0.0016742-0.035969i,-0.012307+0.029739i,0.0081405-0.011471i,-0.0097792-0.0043959i,-0.00236-0.0022392i,0.00052964-0.014667i,-0.0078062+0.0056949i,0.0033936+0.0051147i,-0.0014985+0.027499i,0.0025619-0.00044987i,-0.0071993-0.0043854i,-0.0029269-0.0061754i,-0.013478-0.0096205i,-0.0027862-0.0060728i,-0.036864+0.0066903i,-0.0052751-0.0078766i,-0.013158-0.0017191i,-0.011445-0.008255i,0.0012079-0.0015128i,-0.014272+0.0025092i,-0.0016351-0.00020853i,0.0073727+0.0071946i,0.0032054-0.0049277i,-0.0087161-0.011015i,0.008281+0.0082144i,-0.017316+0.0041958i,0.0055652-0.00091342i,-0.019135-0.0018705i,-0.018407-0.0030955i,-0.01828-0.032383i,0.020676-0.009124i,-0.039228-0.022484i,-0.0084719+0.003717i,0.018295+0.015286i,-0.021519+0.017732i,-0.0042127-0.0038057i
-0.026146-0.0013019i,-0.021211+0.0080604i,-0.018645-0.006154i,-0.031879-0.0091757i,-0.026383+0.0042874i,-0.04013+0.0043938i,-0.063977-0.017458i,-0.033067-0.0094074i,-0.028915+0.0043546i,0.00508+0.0014877i,-0.0034174+0.0055604i,0.0010085+0.015319i,0.0086848+0.006328i,-0.0032868+0.0061883i,0.0051627+0.002285i,0.0092016+0.019759i,0.022832+0.012531i,0.0015256-0.00038062i,-0.0013174-0.0045775i,0.0052022-0.003401i,0.0034189-0.0025535i,0.0030726+0.0010968i,0.00099724-0.00046517i,-0.015387+0.0063795i,-0.0085935-0.002219i,0.0024211+0.0028579i,1.3625e-05-0.0011775i,0.00086103+0.0016132i,0.0004022+0.00083166i,-0.0035913-0.0022758i,-0.0033705-0.0003444i,-0.0066517-0.0039693i,0.0017691-0.0028642i,-0.00033634-0.00025036i,0.0011808-0.0024056i,0.0050875+0.016539i,0.00087532-0.0028973i,-0.0010068-0.0024035i,0.0044632-0.0042473i,-0.0010276-0.0025394i,0.0013029+0.00053019i,0.0073067-0.0032339i,0.0013668-0.0034454i,-0.0032389+0.0026663i,-0.0078766+0.017217i,-0.0075054+0.062313i,-0.012002-0.03684i,-0.024533-0.018506i,-0.028162-0.0053372i,-0.020439-0.00085805i,0.030083-0.030862i,0.0088029-0.047467i,0.015034-0.039653i,-0.017583-0.029959i,0.014052-0.018332i,0.011655-0.0033768i,0.022758-0.042573i,-4.7095e-07-0.0009851i,-0.00052229-0.01641i,-0.00058119-0.0060538i,-0.022292-0.032873i,8.4723e-05+0.025606i,0.0027931-0.014595i,-0.012868-0.00049267i,-0.0010056-0.0010201i,-0.0062028-0.013954i,-0.0074442+0.0099914i,0.0079687+0.0045556i,0.014441+0.019953i,0.0013238-0.0020114i,-0.0071304-0.00029435i,-0.0072597-0.0062343i,-0.01863+0.0012105i,-0.0027128-0.0043338i,-0.036331+0.014351i,-0.008084-0.003053i,-0.013204+0.0030744i,-0.013364-0.00082717i,-0.0013652-0.005223i,-0.010602+0.0066733i,-0.00069697-0.001441i,0.0048645+0.00042658i,-0.00016735-0.0056104i,-0.018619+0.0041689i,0.0088582+0.0033037i,-0.012808+0.012314i,0.0048559-0.0032425i,-0.016356+0.0053998i,-0.020093+0.0016596i,-0.023509-0.028321i,0.016319-0.016996i,-0.043108-0.010821i,-0.0021285-0.0026462i,0.018858+0.0094541i,-0.013482+0.022753i,-0.011649-0.0079403i
-0.026399+0.0032007i,-0.017753+0.010205i,-0.020006-0.0042917i,-0.034139-0.003862i,-0.02522+0.0042124i,-0.040134+0.012971i,-0.068634-0.0038171i,-0.034868-0.0045631i,-0.026325+0.009017i,0.0039228+0.00040752i,-0.0032009+0.0078845i,0.0061011+0.012143i,0.0094967+0.0019539i,-0.0024809+0.0087754i,0.0050302+0.00094454i,0.011107+0.013925i,0.02277+0.0065461i,0.002199-0.00056898i,-0.0020997-0.0031709i,0.0037273-0.0049165i,0.0014146-0.0016872i,0.0038181+0.0014294i,0.00080276-0.0010523i,-0.0075462+0.012044i,-0.0078624-0.00027451i,0.0038177-0.0030676i,0.00027474-0.00080633i,0.0025418+0.00027253i,0.00048511+0.0004226i,-0.0036411-0.00081354i,-0.0030134+0.0006231i,-0.0072741-0.0012285i,-0.0055542-0.0012467i,-0.00013425-0.00067365i,0.0013361-0.0043576i,0.0083502+0.013672i,9.6514e-05-0.0028648i,-0.0017138-0.0015585i,0.0022592-0.0073216i,-0.001896-0.0026736i,0.0017349+0.00013106i,0.004506-0.0053586i,0.00076726-0.0027954i,-0.0033444+0.0039686i,-0.0040366+0.014651i,0.011702+0.059804i,-0.019747-0.033644i,-0.032518-0.0097025i,-0.014783-0.0036329i,-0.014044-0.0034653i,0.019923-0.046529i,-0.0060751-0.060465i,0.020401-0.045849i,-0.023098-0.023629i,0.010257-0.017242i,0.0079427-0.0073745i,0.00076213-0.038046i,0.0066995-0.0051456i,-0.010578-0.014768i,-0.0016175-0.0090684i,-0.039087-0.019802i,0.0073831+0.021336i,-0.004558-0.014808i,-0.0094268+0.004005i,-0.0021972-0.0013235i,-0.012616-0.010215i,-0.0006395+0.013224i,0.011997-0.001609i,0.023122+0.0062879i,0.00058255-0.0022808i,-0.0066151+0.00066663i,-0.010508-0.0030393i,-0.01507+0.011029i,-0.0069614-0.0027627i,-0.024651+0.028652i,-0.0073423+0.00092408i,-0.011425+0.009148i,-0.013125+0.0075982i,-0.007569-0.0039507i,-0.0083273+0.0086952i,-0.0026949+0.00063275i,-4.085e-05-0.00027572i,-0.0025577-0.005271i,-0.011258+0.010418i,0.0073646-0.0017028i,-0.0078759+0.014155i,0.0014368-0.0062251i,-0.012285+0.0085062i,-0.017723+0.006609i,-0.025495-0.023452i,0.009062-0.018725i,-0.042367+0.0021633i,-0.0082341-0.011203i,0.019132+0.0023371i,-0.0030046+0.020406i,-0.013788-0.0053957i
-0.025026+0.0083882i,-0.01626+0.010657i,-0.021779-0.0024625i,-0.033174+0.0025767i,-0.025698+0.0037037i,-0.035838+0.022502i,-0.065911+0.016013i,-0.035611+0.0031563i,-0.024234+0.014651i,0.0032969+0.00022536i,0.00034387+0.0094371i,0.0080109+0.0083372i,0.0081452-0.0019027i,0.00077476+0.011365i,0.0042643-0.00049642i,0.01007+0.0079847i,0.022673-0.0028448i,0.0019261-0.0016306i,-0.0031779+4.1481e-05i,0.00052515-0.0054006i,0.0019411-0.00097977i,0.0048482+0.00045101i,0.00021895-0.0012457i,0.00041818+0.015213i,-0.0062925+0.0012866i,-0.00077831-0.0032447i,0.0010407-0.0012308i,0.0017861-0.00091834i,0.00097263+0.00049744i,-0.0043923+0.00014483i,-0.0020341+0.001666i,-0.0064735+0.0018025i,-0.0049418+0.0017041i,-0.00021157-0.00085149i,-0.0017691-0.0043873i,0.010083+0.0098967i,-0.00076261-0.0030054i,-0.0019602-0.00084753i,-0.0018438-0.0072266i,-0.0018485-0.001226i,0.0016059-0.00058351i,0.0011305-0.0056863i,-4.5692e-05-0.0024789i,-0.0025024+0.0037246i,-0.00087565+0.01255i,0.029755+0.051558i,-0.026527-0.026505i,-0.031651+0.0046108i,-0.0091997-0.0079106i,-0.01224-0.0031943i,0.0022471-0.059868i,-0.02618-0.060622i,0.015583-0.062446i,-0.024021-0.019082i,0.0065969-0.015731i,0.002769-0.010985i,-0.011541-0.034838i,0.0026991-0.013576i,-0.014281-0.010132i,-0.0076705-0.011627i,-0.044288+0.00203i,0.015867+0.014346i,-0.010177-0.011981i,-0.0065994+0.0046728i,-0.002723-0.00018306i,-0.017422-0.0037731i,0.0061948+0.0091259i,0.01147-0.0080492i,0.023343-0.0087701i,-0.00025018-0.0024169i,-0.0077577+0.0017125i,-0.01179+0.0024596i,-0.0096955+0.017557i,-0.0080829+0.0020162i,-0.012924+0.028556i,-0.0061345+0.0030747i,-0.0051935+0.01248i,-0.0074487+0.013745i,-0.010483+0.0025608i,-0.004478+0.0094439i,-0.0036299-0.0017174i,-0.0023232+0.0018177i,-0.0054377-0.0045213i,-0.0063275+0.008373i,0.0019323-0.0051268i,-0.0048219+0.01593i,-0.003286-0.0053251i,-0.0082466+0.010126i,-0.014589+0.0081805i,-0.026933-0.020188i,0.0086934-0.016925i,-0.037118+0.015681i,-0.01684-0.0092783i,0.018334-0.004066i,0.0046428+0.014723i,-0.013-0.0024409i
-0.021871+0.013447i,-0.015612+0.013099i,-0.024561+0.0011312i,-0.030311+0.0074745i,-0.028662+0.0043552i,-0.029043+0.029647i,-0.052016+0.028239i,-0.03176+0.010461i,-0.016311+0.018577i,0.0029191+8.2369e-05i,0.0034471+0.0073035i,0.0090826+0.0052516i,0.0053032-0.0038621i,0.0054179+0.010186i,0.0032098-0.0013406i,0.0074202+0.0069963i,0.015387-0.011656i,-5.3182e-05-0.0034558i,-0.0005799+0.0038593i,-0.001325-0.0040428i,0.0026766-0.00077601i,0.0041232-0.0012803i,-0.0005915-0.00098879i,0.015813+0.013532i,-0.0047171+0.0035005i,-0.0015696-0.0031336i,-6.691e-05-0.0012223i,0.001957-0.0012936i,0.0014886-9.6058e-05i,-0.0038199+0.0024771i,-0.000588+0.0020319i,-0.0041885+0.0038548i,-0.0023397+0.0032032i,-0.00073854-0.0011654i,-0.0026701-0.0024189i,0.011836+0.008028i,-0.0018053-0.0022927i,-0.0022359-0.00026468i,-0.0039531-0.0048393i,-0.00072341-0.0026558i,0.00099461-0.0012978i,-0.00095574-0.0038567i,4.1665e-05-0.001405i,-0.0032607+0.0046014i,-0.00017164+0.0084911i,0.044945+0.035645i,-0.026006-0.015352i,-0.02314+0.014725i,-0.0066523-0.013117i,-0.0091541-0.002235i,-0.023937-0.062786i,-0.04204-0.051406i,-0.0046125-0.072041i,-0.028851-0.010734i,0.0052503-0.012868i,-0.0026539-0.010904i,-0.022494-0.026723i,-0.0040368-0.015331i,-0.016723-0.0063775i,-0.016755-0.0072028i,-0.039137+0.01791i,0.016282+0.0037865i,-0.015373-0.0068226i,-0.004693+0.0047465i,-0.0030792+0.0014706i,-0.017407+0.0051365i,0.0054875+0.003629i,0.0093239-0.012313i,0.02174-0.019298i,-0.0012824-0.002507i,-0.0096153+0.0055348i,-0.0090532+0.0071045i,-0.0025289+0.020259i,-0.0068381+0.0063244i,-0.0095624+0.032052i,-0.0054494+0.0043766i,-0.00090211+0.01041i,-0.00061494+0.015588i,-0.0089671+0.0072299i,-0.0025154+0.0074197i,-0.0053615-0.0010518i,-0.0022371+0.0054308i,-0.0095683-0.0020178i,-0.0050622+0.0059115i,-0.002971-0.0027355i,0.002062+0.017526i,-0.0064425-0.0029i,-0.0027501+0.011329i,-0.013434+0.0099015i,-0.030593-0.014599i,0.013675-0.022835i,-0.026214+0.02969i,-0.02018-0.0024082i,0.014052-0.0115i,0.0061012+0.0067298i,-0.011799-0.0019547i
-0.017075+0.016422i,-0.012402+0.015382i,-0.025457+0.0078533i,-0.027873+0.010637i,-0.03313+0.0091407i,-0.019483+0.033763i,-0.039406+0.032756i,-0.026857+0.014713i,-0.011145+0.018331i,0.0021011+0.00034629i,0.003902+0.0058445i,0.0091769+0.0011903i,0.0026664-0.0045972i,0.0079534+0.0071286i,0.0023495-0.0015677i,0.0074282+0.0077287i,0.0080789-0.011773i,-0.0014841-0.0039379i,0.003018+0.0031544i,-0.0022232-0.0029794i,0.0024771-0.0031287i,0.003859-0.0025807i,-0.0005393-0.00022784i,0.019619-0.0012607i,-0.0014746+0.005168i,-8.9446e-05-0.0012791i,5.7312e-05+0.0011992i,0.0017044-0.0026172i,0.0012228-0.0012i,-0.0009738+0.0041571i,0.0010166+0.0014218i,-0.0024932+0.0041126i,-0.0010538+0.0035962i,-0.0011193-0.00050293i,-0.0027643-0.00091725i,0.01433+0.0045743i,-0.0024938-0.001426i,-0.0025261+0.00048041i,-0.0051162-0.003363i,-0.0028888-0.004435i,0.00069382-0.0011697i,-0.0014745-0.0021198i,7.5487e-06-0.001038i,-0.0020377+0.0063309i,-0.0016779+0.0068637i,0.042292+0.013451i,-0.016772-0.0088444i,-0.015092+0.019986i,-0.0058995-0.01529i,-0.005723-0.0053364i,-0.047045-0.047518i,-0.054673-0.036234i,-0.021728-0.067553i,-0.021463+0.0041654i,0.0096531-0.0094166i,-0.0062019-0.0085482i,-0.025585-0.01237i,-0.010295-0.014976i,-0.020875-0.0007092i,-0.016567+0.0013365i,-0.027247+0.032778i,0.0125-0.001675i,-0.014702+0.0026335i,-0.0053287+0.0043789i,-0.0006896+0.0033901i,-0.011942+0.011238i,0.0052632+0.0045617i,0.0041796-0.021743i,0.007112-0.029195i,-0.0048843-0.0028423i,-0.0088242+0.010877i,-0.007446+0.0092825i,0.0059291+0.019253i,-0.0029863+0.0091301i,0.006564+0.043902i,-0.0050208+0.0051443i,0.00026246+0.0098972i,0.0061009+0.013119i,-0.0057326+0.013415i,-0.001039+0.0082147i,-0.0071768+0.0013671i,0.0017794+0.0076642i,-0.010317+0.0066i,-0.0057661+0.0055529i,-0.0025303+0.0025844i,0.0072185+0.015203i,-0.0083661-0.00071276i,0.0010771+0.007276i,-0.010903+0.013338i,-0.027294-0.003031i,0.0049688-0.039613i,-0.0026288+0.032774i,-0.019377+0.003536i,0.0124-0.017489i,0.0066368-0.00089767i,-0.0098149+0.0011905i
-0.011573+0.018115i,-0.010724+0.015498i,-0.023751+0.014215i,-0.025145+0.014526i,-0.033904+0.018006i,-0.010622+0.034029i,-0.029285+0.033683i,-0.022236+0.016972i,-0.0088653+0.0179i,0.0027136+0.00039041i,0.0063548+0.0049694i,0.006389-0.0018219i,-0.00019566-0.0035566i,0.0097725+0.0030695i,0.0018328-0.0017373i,0.0088511+0.0077563i,0.0021498-0.011066i,-0.0042697-0.0040833i,0.0036835+0.00024778i,-0.0024603-0.0014902i,0.0012619-0.0032358i,0.0051422-0.0031136i,-0.0003573+5.3671e-05i,0.013824-0.010716i,0.0024342+0.0043084i,-0.0013626-6.9883e-05i,0.0014629-0.00095813i,0.00025742-0.0036518i,0.00043398-0.0012325i,0.0012488+0.0030598i,0.0015407+9.1608e-06i,-0.00040796+0.004311i,0.0010769+0.0031411i,-0.00099579+4.7749e-05i,-0.0038043+7.6665e-05i,0.01491+0.00042814i,-0.0020444-0.00023201i,-0.0020037+0.0013919i,-0.0060167-0.00028185i,-0.0059937-0.0031024i,-0.00023298-0.0015755i,-0.00084415-0.0021581i,0.00020395-0.00089363i,-0.0006933+0.0047169i,-0.0023881+0.0076561i,0.034076+0.010411i,-0.013059-0.012444i,-0.0009171+0.022273i,-0.0046307-0.01694i,-0.010198-0.0099657i,-0.056175-0.028115i,-0.053668-0.016052i,-0.037825-0.062789i,-0.0081758+0.0068116i,0.012129-0.021427i,-0.0072127-0.0054632i,-0.021611-0.0065508i,-0.019656-0.010472i,-0.015776+0.0096018i,-0.014446+0.0053461i,-0.0075674+0.036587i,0.009115-0.0046019i,-0.012247+0.0057707i,-0.0029163+0.0055009i,-0.001281+0.00096042i,-0.0061973+0.014433i,0.0083677+0.0018339i,-0.011945-0.022381i,-0.017589-0.026014i,-0.0054941+0.0032866i,-0.0038546+0.013656i,-0.0020155+0.011531i,0.013375+0.012057i,0.00085315+0.0090808i,0.028123+0.039802i,-0.0024981+0.0065767i,0.0029207+0.0095818i,0.010078+0.0080313i,0.0031887+0.015926i,-0.0022619+0.0084341i,-0.0066321+0.0075396i,0.0065289+0.0079326i,-0.0054904+0.012839i,-0.0046365+0.0078151i,-0.00089073+0.0033874i,0.010381+0.01051i,-0.0081418+0.0027882i,0.0020707+0.0026835i,-0.0057306+0.013725i,-0.020452+0.0010347i,-0.017822-0.041473i,0.013753+0.018333i,-0.020112+0.011952i,0.0054903-0.024641i,0.00073799-0.0066647i,-0.00324-0.00084103i
-0.0065046+0.017878i,-0.0090581+0.018008i,-0.020218+0.019433i,-0.020186+0.01732i,-0.028917+0.026638i,-0.0039723+0.032534i,-0.02142+0.032612i,-0.017971+0.018294i,-0.0049524+0.019939i,0.0031354-0.00029704i,0.0075103+0.00095776i,0.0038129-0.0020448i,-0.0011329-0.0012151i,0.0085096-0.00048182i,0.0011207-0.0021427i,0.011509+0.0061521i,-0.0014291-0.0064093i,-0.0060311-5.7086e-05i,0.0021642-0.00079916i,-0.0024951-0.0006388i,-1.4447e-05-0.0032764i,0.0034619-0.0034284i,-0.00039682+0.00045234i,0.0062057-0.015213i,0.0035252+0.0018206i,-0.00081041-0.00015618i,0.00053891-0.0025344i,-0.0014946-0.0025629i,0.00083347-0.0010524i,0.0014079+0.0018196i,0.00085694-0.0012731i,0.0014168+0.0035443i,0.0018237+0.0017431i,-0.00069296+0.00023534i,-0.0033252+0.0030666i,0.015977-0.0055004i,-0.0013564-6.387e-05i,-0.0010651+0.001838i,-0.0041927+0.0021855i,-0.0066341-0.00019945i,-0.001077-0.00081612i,-0.0011014-0.002003i,5.2676e-05-0.00084475i,-0.0013141+0.0037432i,-0.0018549+0.010316i,0.039274+0.013826i,-0.014156-0.015786i,0.011864+0.017234i,-0.0053648-0.022244i,-0.012521-0.0060046i,-0.060664-0.011125i,-0.043716-0.0035831i,-0.026-0.081366i,8.8541e-05+0.0012256i,0.0067425-0.029028i,-0.0071237-0.0040161i,-0.018982-0.0023913i,-0.024247+0.0014357i,-0.0098953+0.011702i,-0.0099714+0.0092422i,0.0097831+0.029156i,-0.0076264+0.016747i,-0.0088942+0.005916i,-0.0026746+0.0027428i,-0.0015179+0.0025483i,0.00047449+0.011597i,0.0066158-0.0045031i,-0.02245-0.011022i,-0.023991-0.007948i,0.0006815+0.0068776i,0.0024084+0.014194i,0.0029601+0.010808i,0.016499+0.0054225i,0.0064352+0.0077662i,0.041739+0.021965i,-0.0002554+0.0061177i,0.0055934+0.0091011i,0.0098436+0.0017489i,0.011343+0.0099278i,-0.0017443+0.014032i,-0.0012732+0.012523i,0.010577+0.0028556i,0.0042617+0.012959i,-0.0036851+0.010701i,6.3794e-05+0.0037283i,0.011274+0.0066156i,-0.0070523+0.0055436i,0.00040315+3.3619e-05i,-0.0038474+0.012726i,-0.011849+0.0030057i,-0.028815-0.02383i,0.016633+0.0009013i,-0.0031507+0.011228i,-0.0071875-0.028976i,-0.0082914-0.0067195i,-0.0056972-0.0083829i
-0.0027119+0.016215i,-0.0049098+0.020641i,-0.014729+0.024253i,-0.016139+0.018099i,-0.021698+0.031779i,0.0020489+0.030453i,-0.01562+0.030357i,-0.014815+0.018626i,0.0012112+0.020355i,0.0031114-0.0013513i,0.0049307-0.0019602i,0.0084338-0.0024072i,-0.0002441+0.00035687i,0.0064081-0.0024479i,0.00026911-0.0018916i,0.014754+0.0032176i,-0.00045205-0.0027551i,-0.0039772+0.0021363i,0.0010945-0.0011461i,-0.0023311+0.00050768i,-0.00067321-0.0024606i,0.0015577-0.0031014i,0.00011553+0.0010494i,-0.00019119-0.014485i,0.002356-0.0015613i,-0.00049427-0.0010027i,-0.0010532-0.0025379i,-0.0021355-0.0017318i,0.00044894-0.0020268i,0.0019073+0.0016055i,-0.00028862-0.0021465i,0.0028914+0.0018537i,0.0016446+0.00035702i,-0.00035114+0.0005459i,-0.001382+0.0019911i,0.011291-0.013294i,-0.00098409-0.00012154i,-0.00017618+0.002052i,-0.0035074+0.0031934i,-0.0057617+0.0015913i,-0.0009498+2.4628e-05i,-0.0019015-0.0015131i,0.0001545-0.0008554i,-0.003005+0.005014i,0.00097807+0.012986i,0.053643+0.0081161i,-0.01882-0.015993i,0.020693+0.0070203i,-0.0091498-0.022669i,-0.012196-0.0036247i,-0.058847+0.0079073i,-0.035872+0.00076583i,-0.044821-0.0059879i,0.0051047-0.004188i,-0.0023346-0.035593i,-0.0079358-0.0034499i,-0.017365-0.0025401i,-0.018061+0.012403i,-0.0053929+0.01271i,-0.0024244+0.0081015i,0.015226+0.015181i,0.0014205-0.014472i,-0.0093274+0.011085i,-0.0047655+0.0036388i,-0.000308+0.0020385i,0.0026722+0.0074753i,-1.5079e-05-0.004302i,-0.023631+0.0025002i,-0.024023+0.0036951i,0.0051818+0.0033497i,0.0064784+0.01267i,0.0046987+0.0081871i,0.014857-0.0041019i,0.0076769+0.0018957i,0.0445+0.0015982i,0.00051726+0.0071179i,0.0087514+0.0054831i,0.0073258-0.0014647i,0.011831+0.0041097i,0.0061103+0.017345i,0.0071117+0.0098133i,0.0092877-0.001872i,0.0091144+0.0064638i,0.0010355+0.016122i,0.00064931+0.0052573i,0.011439+0.003232i,-0.0068635+0.0081534i,-0.0044266+0.00039137i,-0.0020629+0.013362i,-0.0038847-0.00084611i,-0.026693-0.011892i,0.010679-0.011527i,0.0024028+0.0021464i,-0.020559-0.026161i,-0.01172+0.0020909i,-0.012308-0.006324i
-0.00062584+0.014496i,0.00035185+0.020798i,-0.0072425+0.026511i,-0.013611+0.018633i,-0.013455+0.034686i,0.0070983+0.027541i,-0.012472+0.028162i,-0.012343+0.019393i,0.0063742+0.017557i,0.0027616-0.0026901i,0.0021699-0.0019796i,0.0056038+0.00094945i,0.00135+0.00031306i,0.0049778-0.0033647i,9.805e-05-0.0015171i,0.013146-0.0029645i,0.0014917-0.0029322i,-0.0039725+0.0029135i,0.00035392-0.0010898i,-0.0014829+0.0013697i,-0.00094292-0.0019151i,-0.00014739-0.0020812i,0.00093771+0.0011825i,-0.004595-0.012133i,0.00092779-0.0016602i,-0.001483-0.00093269i,-0.0020273-0.0018521i,-0.0025046-0.00085127i,-0.0007972-0.0019976i,0.0023971+0.00040018i,-0.0019525-0.0017935i,0.0031139-0.00041378i,0.00052783+1.3807e-05i,0.00020882+0.0003308i,-0.0015042+0.0018287i,0.00079706-0.012024i,-0.0012087-0.00057904i,0.00062571+0.0016672i,-0.0016303+0.0054096i,-0.0032726+0.0036004i,-0.00072553+0.00040999i,-0.0018962-0.00037912i,-4.5152e-06-0.0012084i,-0.0019047+0.0085839i,0.006801+0.01368i,0.065736-0.012737i,-0.024484-0.012016i,0.022489-0.0050337i,-0.0085539-0.023171i,-0.012373-0.001599i,-0.048453+0.02152i,-0.029246+0.0048312i,-0.035627+0.0015262i,0.0030215-0.013205i,-0.016028-0.035841i,-0.0088975-0.002069i,-0.019503-0.0021752i,-0.0099533+0.015357i,-0.0010361+0.012107i,0.00056338+0.001752i,0.010783+0.0045968i,-0.0033295-0.012469i,-0.0033883+0.013723i,-0.0038406+0.006978i,-0.0010222+0.00082479i,0.0043298+0.0029493i,-0.0017537+0.00039712i,-0.018582+0.013069i,-0.018382+0.012738i,0.0042946+0.00050089i,0.011684+0.0098468i,0.0061303+0.0065859i,0.0085684-0.0095858i,0.0052417-0.0014522i,0.040063-0.011631i,0.0034348+0.0076483i,0.0081597+0.0024689i,0.0050914-0.0025384i,0.011708+0.0011358i,0.014449+0.014084i,0.0087148+0.003638i,0.0079198-0.0041637i,0.0085223+0.0013339i,0.011068+0.016853i,0.0031641+0.0044372i,0.011388-0.0013149i,-0.0024734+0.013404i,-0.0040503+0.0041719i,0.00053331+0.014091i,-0.0030984-0.009102i,-0.023244-0.0082811i,0.0018553-0.013684i,-0.00014126-0.0056499i,-0.031081-0.018259i,-0.0075135+0.0046687i,-0.012166-0.0030085i
0.0013978+0.013508i,0.0053996+0.019044i,1.6537e-05+0.025727i,-0.010488+0.020283i,-0.0047358+0.03421i,0.011031+0.02419i,-0.01007+0.027265i,-0.0093331+0.020505i,0.0098632+0.013928i,0.0011986-0.0042827i,0.0011112-0.0010808i,0.0059449-0.00083793i,0.0017879-0.00039826i,0.0031259-0.0038028i,-0.00033679-0.0015971i,0.010046-0.0054036i,0.0011959-0.0048582i,-0.00080863+0.0072374i,7.2265e-05-0.00053277i,-0.0004099+0.0017731i,-0.0006515-0.00066989i,-0.00013324-0.00090046i,0.0016196+0.00080892i,-0.0081763-0.0097473i,-0.00032816-0.0012121i,-0.0019522-6.8346e-05i,-0.0026833-0.00078202i,-0.0025623+0.00021519i,-0.0017365-0.0010509i,0.0015481-0.00085629i,-0.0029247-0.00028489i,0.001908-0.0013874i,-0.00067631-0.00089293i,0.00053361-0.00011883i,-0.0013292+0.0018257i,-0.0016794-0.0068923i,-0.001666-8.6304e-05i,0.0011231+0.0010525i,0.00018353+0.0060277i,-9.3602e-05+0.0041851i,-0.00056431+0.00069366i,-0.0014262+0.0002661i,-0.00052211-0.0015485i,0.0015551+0.0085792i,0.012192+0.010329i,0.059849-0.039701i,-0.027428-0.0043491i,0.021615-0.015523i,-0.0098953-0.02901i,-0.011452+0.00065776i,-0.038614+0.028779i,-0.023015+0.0046217i,-0.026832+0.0051293i,-0.0011161-0.016418i,-0.028554-0.03156i,-0.010046-0.000253i,-0.025825+0.0013055i,-0.003464+0.014546i,0.0002788+0.006315i,-0.0018619-0.0032536i,0.0046473+0.0014036i,-0.0091412-0.011797i,0.0017172+0.013322i,-0.0019693+0.0068639i,-0.0024131+0.0020649i,0.0026017+0.0043775i,0.00018778+0.0028771i,-0.01006+0.018085i,-0.0075661+0.020037i,0.005122-0.00065067i,0.015193+0.0030653i,0.0074847+0.0049271i,0.002549-0.0096158i,0.0029721-0.0022504i,0.030798-0.024283i,0.0067314+0.006784i,0.0073166+0.0013885i,0.0023694-0.0029287i,0.011235-0.0046343i,0.019545+0.0075537i,0.0073292-0.00010577i,0.0055784-0.0069982i,0.0069627-0.00163i,0.017068+0.0093125i,0.0038188+0.0043513i,0.0069591-0.0049011i,0.0047448+0.012985i,-0.0018758+0.004282i,0.0054927+0.013807i,-0.007948-0.012918i,-0.0213-0.0034711i,-0.0030374-0.015042i,-0.0058393-0.0070127i,-0.036694-0.0081906i,-0.0061393+0.0044615i,-0.011255-0.0015299i
0.0034471+0.01245i,0.0088092+0.015976i,0.0061055+0.022784i,-0.0062506+0.02079i,0.001916+0.031595i,0.014004+0.021047i,-0.007449+0.027948i,-0.0058809+0.021255i,0.012973+0.009913i,-0.0020107-0.0030651i,0.00087267-0.00017084i,0.0050021-0.0028439i,0.0022683-0.0011871i,0.0015042-0.0031682i,-0.00081694-0.0013395i,0.0068734-0.006837i,-0.0021521-0.0056895i,-0.0020468-0.00056598i,0.00064268+0.00050621i,0.00060107+0.0015974i,0.00019933-0.0014933i,-5.648e-08-0.00057824i,0.0020514+0.00026449i,-0.010089-0.0059887i,-0.00075666-0.00036106i,-0.0017394+0.00068874i,-0.0026664+0.00045425i,-0.0022129+0.0012936i,-0.0018021+0.00011831i,0.00083433-0.00094792i,-0.0030546+0.0018006i,0.00049717-0.0014581i,-0.0012741-0.00097213i,0.00074373-0.00093614i,-0.00069169+0.0014885i,-0.0010864-0.0037978i,-0.0015304+0.00097818i,0.0013136+0.00033559i,0.00053847+0.0058527i,0.0021174+0.0027814i,-0.00034557+0.00080711i,-0.00098117+0.00036729i,-0.0014219-0.0015314i,0.0032563+0.0074593i,0.01547+0.0047871i,0.042929-0.057505i,-0.02634+0.004812i,0.016583-0.026022i,-0.021755-0.033576i,-0.0099376+0.003254i,-0.028801+0.034375i,-0.021465+0.0051577i,-0.017299+0.0071011i,-0.0053401-0.016186i,-0.037442-0.020683i,-0.0087157+0.0023569i,-0.027893+0.012876i,0.0021375+0.011769i,8.0496e-05+0.0051641i,-0.0056342-0.003796i,-0.00019996+0.0022337i,-0.016105-0.0057017i,0.0057519+0.012289i,-0.00109+0.0075981i,-0.0013069+0.0038719i,0.0018265+0.0064129i,0.0019142+0.0032386i,-0.00098107+0.01904i,0.0032771+0.017413i,0.0056898-0.0054824i,0.012503-0.0051996i,0.0084252+0.002946i,-0.0023452-0.0071367i,0.00022001-0.0018452i,0.020135-0.031646i,0.0098665+0.0043242i,0.0092184+2.2292e-05i,0.0023942-0.00058916i,0.0059475-0.0083022i,0.02096-0.0011756i,0.0056516-0.0022986i,0.0013933-0.008129i,0.0046676-0.0033394i,0.017109+0.0022437i,0.0053771+0.0035012i,0.0033999-0.0041005i,0.0087211+0.0084414i,-0.0015366+0.0043385i,0.0096363+0.010174i,-0.012097-0.01299i,-0.0099035+0.00088303i,-0.0081569-0.01308i,-0.0087097-0.0039298i,-0.039242+0.0030778i,-0.0057235+0.0042566i,-0.011668-0.0014583i
0.0055817+0.011512i,0.010836+0.012989i,0.010666+0.018414i,-0.0029484+0.019805i,0.0065781+0.028663i,0.017077+0.017803i,-0.0036312+0.028543i,-0.0018502+0.021363i,0.013336+0.0045831i,-0.00093692-0.001401i,0.0012446+0.00038174i,0.0036602-0.0046182i,0.001637-0.002605i,0.0012806-0.002892i,-0.001296-0.00084454i,0.0029269-0.0066995i,-0.0050697-0.0040036i,-0.0010309+0.0018866i,0.0016677+0.00040251i,0.0013602+0.0010114i,-0.0040279+0.00079517i,0.00042803+0.00010298i,0.0024862-0.0005847i,-0.0098732-0.0018218i,-0.00029301+9.2852e-05i,-0.0014508+0.001397i,-0.0019327+0.001598i,-0.0012406+0.0016941i,-0.0015357+0.00013138i,0.00082185-0.0010287i,-0.0019288+0.0046834i,-0.00030103-0.00082728i,-0.0018643-0.00041936i,-0.0010743-0.0014826i,-0.0017426+0.0010165i,0.0002363-0.0026072i,-0.00056699+0.0014866i,0.0011285-0.00016706i,-0.00064603+0.011159i,0.0030946+0.00095492i,4.0937e-05+0.00095261i,-0.0011108+0.00061872i,-0.0020068-0.00091969i,0.0051284+0.0065741i,0.015649-0.00072199i,0.022289-0.066896i,-0.020002+0.013251i,0.0063598-0.033093i,-0.032201-0.025296i,-0.0078036+0.0063293i,-0.017065+0.038932i,-0.016978+0.010767i,-0.0071578+0.0020341i,-0.00675-0.013809i,-0.043053-0.0075915i,-0.0081904+0.0029595i,-0.02186+0.023692i,0.0043311+0.0086356i,0.0011395+0.0033315i,-0.0095133-0.0052612i,-0.0027508+0.005343i,-0.015987+0.0043979i,0.011057+0.009118i,0.00081332+0.0094699i,0.0001041+0.0037179i,0.0036406+0.0065207i,0.0033963+0.0032475i,0.0071387+0.014991i,0.0084658+0.010945i,-0.0014915-0.0084497i,0.0060031-0.0073163i,0.0074566+0.001422i,-0.0025857+0.0020778i,-0.00038707+0.00075736i,0.0076092-0.032348i,0.011152+0.0011585i,0.0093373-0.0033931i,0.004246-0.0019619i,0.00089377-0.005723i,0.019634-0.0098608i,0.0032881-0.0039735i,-0.0018626-0.0072465i,0.00059097-0.0028036i,0.014122-0.0022716i,0.0067675+0.0026838i,0.0027328-0.0028027i,0.010409+0.0048942i,-0.00047485+0.0047998i,0.011464+0.0054204i,-0.017788-0.01118i,-0.0049286-0.012886i,-0.0071758-0.011001i,-0.0081639-0.0024338i,-0.034405+0.017658i,-0.0033734+0.0052666i,-0.0098539+0.002548i
0.0083675+0.010134i,0.012601+0.010216i,0.012989+0.013193i,-0.00059855+0.018829i,0.012033+0.026069i,0.01955+0.013848i,0.00082832+0.02866i,0.0024006+0.020374i,0.01142+0.0008557i,-0.0010952-0.0017197i,0.0022797+0.00027084i,0.0006353-0.0053902i,0.00063039-0.0028692i,0.0004991-0.0033163i,-0.0013913-0.00028412i,-0.00051025-0.0048025i,-0.0062735-0.0010213i,0.00082787+0.0025606i,0.0021559-0.00079505i,0.0019522+4.0631e-05i,-0.0013289+0.001083i,0.0013524-0.00022908i,0.0024048-0.0016134i,-0.0091097+0.00069285i,-0.0001135+0.0003493i,-0.00035853+0.0022524i,-0.00080128+0.0017732i,-0.00023906+0.0018069i,-0.0016169+0.00081979i,0.00018395-0.0014615i,0.0010068+0.0074756i,-0.00043273-0.00025151i,-0.0019119+0.00053796i,-0.0018371-0.00067267i,-0.0016588+0.0022965i,0.0017851-0.0031865i,0.00016652+0.0012574i,0.00081447-0.0006892i,0.0024319+0.0084668i,0.0027493-9.2854e-05i,0.00038164+0.00078944i,-0.00037516+0.0013053i,-0.002412-0.00035666i,0.0066532+0.0041275i,0.014132-0.0049812i,-0.00060765-0.06638i,-0.0086159+0.016478i,-0.0051208-0.034526i,-0.036782-0.017081i,-0.0024412+0.0074543i,-0.0033115+0.038346i,-0.0072127+0.012532i,-0.0070119-0.0046693i,-0.0073495-0.012193i,-0.042155+0.0058494i,-0.0071425+0.0044228i,-0.010591+0.029734i,0.0036622+0.0054213i,-0.00048241+0.00081193i,-0.015891-0.0013565i,-0.0010858+0.0069985i,-0.011263+0.0096067i,0.012254+0.002206i,0.004437+0.0099696i,-0.0008656+0.0042907i,0.0043893+0.004909i,0.0050493+0.0013338i,0.0095679+0.0084024i,0.0082952+0.0050759i,-0.0071543-0.002737i,0.0036539-0.006109i,0.0087545-0.0003532i,-0.00080727+0.0066003i,0.0023718+0.0023398i,0.0023358-0.036359i,0.011503-0.0038818i,0.0075664-0.0066172i,0.0026727-0.0039458i,0.00064901-0.0040008i,0.012211-0.016504i,4.9508e-05-0.0015731i,0.0016441-0.00029033i,-0.00038929+0.00041386i,0.010606-0.0055496i,0.010509-0.00071795i,0.0030705-0.0041104i,0.013267+6.1337e-05i,0.002677+0.0040463i,0.01111+0.00089609i,-0.021262-0.004012i,-0.015177-0.019943i,-0.0060048-0.014602i,-0.0061761-0.0025573i,-0.025132+0.027235i,-0.0033032+0.00024035i,-0.0081279-0.00112i
0.010989+0.0072177i,0.01412+0.0070997i,0.013271+0.0083907i,0.0020045+0.018475i,0.016858+0.020846i,0.021332+0.0093244i,0.0059862+0.028035i,0.0060208+0.017899i,0.0094888-0.00055398i,-0.0016763-0.0013101i,0.0026971-0.0010907i,-0.0015252-0.0040119i,-0.00055247-0.0029598i,-0.0010878-0.0028258i,-0.0014332+0.00026943i,-0.0016737-0.0017393i,-0.0053276+0.0019495i,0.0018308+0.0014489i,0.0016333-0.0014134i,0.0018443-0.0012766i,-0.00041899+0.0009223i,0.001817-0.0010558i,0.0018396-0.0027125i,-0.0083356+0.0031386i,0.00042525+0.00015026i,0.001505+0.001081i,9.2687e-07+0.0015434i,0.00061325+0.0013387i,-0.00088506+0.001476i,-0.00024147-0.0010299i,0.0028722+0.0052561i,-0.00064909+3.906e-05i,-0.0016919+0.001229i,-0.0020186+0.00045528i,-0.00051946+0.0026002i,0.001943-0.0053442i,0.00083543+0.00095149i,0.00024773-0.00080998i,0.00047135+0.0025635i,0.0025852-0.00078183i,0.0007133+0.00045442i,0.00054418+0.0010095i,-0.0025137+0.00062442i,0.0053761+0.00015867i,0.01215-0.0080113i,-0.018992-0.054752i,0.00051896+0.012384i,-0.014744-0.031033i,-0.042106-0.0071466i,0.0022623+0.0050135i,0.0079432+0.031802i,0.001271+0.0067851i,-0.0076263-0.0049349i,-0.0070411-0.009881i,-0.035732+0.017067i,-0.0058569+0.0058541i,0.00064449+0.029264i,0.0062281+0.0034708i,-0.0039417+0.0018049i,-0.017935+0.0067932i,4.7176e-05+0.008296i,-0.0084386+0.010985i,0.0091602-0.0034745i,0.0082394+0.0082869i,0.00036639+0.0064435i,0.0039282+0.0045043i,0.0055878-0.0023766i,0.007977+0.0025273i,0.0058206+0.0023803i,-0.0044514+0.0018032i,0.0017477-0.0058111i,0.0086226-0.00294i,0.0062782+0.0059581i,0.0041398+0.00063273i,-0.01765-0.015939i,0.0084921-0.007745i,0.0048386-0.010136i,0.0017513-0.0027802i,-0.00016148-0.0045271i,0.0048451-0.017438i,0.0026335+0.00013927i,-0.0045615+0.0013197i,0.0023387+0.0022955i,0.008607-0.0060282i,0.0088071-0.0061342i,0.0011885-0.004339i,0.010509-0.0079675i,0.0028418+0.0010419i,0.0099588-0.0037637i,-0.016505+0.0042363i,-0.025946-0.017341i,-0.011093-0.018605i,-0.0062508-0.0049108i,-0.015784+0.026134i,-0.0084243-7.8969e-05i,-0.011585-0.00032706i
0.011935+0.0037945i,0.014341+0.0035383i,0.012137+0.0047792i,0.0052192+0.017374i,0.019602+0.015073i,0.021639+0.0046935i,0.011304+0.025859i,0.0082899+0.014996i,0.0086345-0.0012472i,-0.0017178-0.00067065i,0.0017954-0.002177i,-0.0023358-0.0023113i,-0.0014984-0.0025795i,-0.0015495-0.001832i,-0.0012996+0.0014863i,-0.001166+0.00060556i,-0.0038346+0.0041186i,0.0019189+0.00080605i,0.0012006-0.0015694i,0.00082711-0.0021609i,-0.00021663+0.00065826i,0.001383-0.0018296i,0.00059314-0.003343i,-0.0058302+0.0047165i,0.00058864-0.00040629i,0.0012092-0.00098453i,0.00057074+0.00091013i,0.0011171+0.0006126i,-0.00037866+0.0013152i,0.00014469-0.00076996i,0.0036733+0.0033334i,-0.00059419+0.00020706i,-0.0010394+0.0019905i,-0.0017682+0.0014497i,-5.3501e-06+0.0024107i,0.00041061-0.0070325i,0.0010136+0.00017303i,-7.197e-05-0.00055981i,0.00038386-0.00053606i,0.0021665-0.0012943i,0.00073304+5.1767e-05i,0.00080416+0.00037967i,-0.0013648+0.0016974i,0.0020398+0.00045596i,0.0099783-0.0099731i,-0.024334-0.038285i,0.0048709+0.006576i,-0.021975-0.024955i,-0.043171+0.0049004i,0.0047175+0.00051632i,0.017676+0.024699i,0.0050512-0.00050728i,-0.006503-0.006279i,-0.0058162-0.009565i,-0.028656+0.025313i,-0.0037866+0.0062151i,0.012781+0.024464i,0.0059204+0.0010213i,-0.0053918+0.0055769i,-0.015308+0.013926i,0.0023403+0.0092168i,-0.0031791+0.015759i,0.0037591-0.0045837i,0.01098+0.0058184i,0.0030631+0.0069796i,0.0049672+0.004568i,0.0043907-0.0048378i,0.0043988+0.0019004i,0.0036986+0.0029833i,-0.0031474+0.002996i,0.00038751-0.0047341i,0.0074178-0.0055711i,0.0089428+0.00096907i,0.0042879-0.0016867i,-0.014927-0.016305i,0.0047-0.0095025i,-0.0014572-0.010533i,0.0033116-0.002684i,-0.0013457-0.003633i,-0.00045205-0.0159i,0.0035217-0.0017126i,-0.0022408+0.0034577i,0.0052259+0.0005584i,0.006761-0.0077103i,0.0052308-0.011175i,0.00099342-0.0038465i,0.0034797-0.011252i,0.0016656+9.6833e-05i,0.0055114-0.0078418i,-0.0099826+0.005439i,-0.035587-0.0079426i,-0.016747-0.017639i,-0.0082767-0.0068934i,-0.0087979+0.026406i,-0.011818+0.0034875i,-0.010685+0.0036888i
0.012004+0.00078562i,0.013774+0.00062405i,0.010649+0.0025646i,0.0080482+0.015354i,0.020195+0.00924i,0.021673+0.00062668i,0.016159+0.022077i,0.0097246+0.012289i,0.008451-0.0024185i,-0.0016759-0.00027633i,0.00029908-0.0024565i,-0.0024239-0.00097403i,-0.0026006-0.0019222i,-0.0016148-0.0013882i,-0.0014523+0.0019037i,8.5567e-06+0.0019372i,-0.0011727+0.0056775i,0.0022162-0.00012462i,0.00053561-0.00192i,-0.00039806-0.0022673i,0.00038027+0.0006858i,0.00083464-0.0023712i,-0.00061163-0.003276i,-0.0044603+0.0043295i,0.0001128-0.0006433i,-0.00023021-0.0018254i,0.0007226+0.00016868i,0.0012807-0.00036551i,0.00046399+0.0013745i,0.00019922-0.0012333i,0.0046591+0.0013677i,-0.00048875+0.00023843i,3.2836e-05+0.0022868i,-0.00096942+0.002019i,0.00039124+0.002416i,-0.0020462-0.0077222i,0.00070158-0.00027714i,-0.00011452-0.00038663i,-1.1834e-05-0.00062626i,0.0014225-0.0014426i,0.00052333-9.1535e-05i,0.00074158+0.00011125i,-0.00099749+0.00054208i,0.0013579+0.0025617i,0.0079736-0.010775i,-0.023301-0.03012i,0.0063078+0.0017722i,-0.025904-0.015597i,-0.036735+0.017949i,0.0025537-0.0039222i,0.020311+0.017348i,0.0057405-0.0069688i,-0.0059238-0.0066351i,-0.0065835-0.0090249i,-0.020137+0.031112i,-0.0036184+0.0064826i,0.018304+0.010873i,0.0053932-0.0012701i,-0.0038117+0.0093937i,-0.0091475+0.019549i,0.0051654+0.0079592i,0.0049568+0.011859i,0.0015032-0.0025334i,0.013557+0.00078125i,0.0054296+0.0065366i,0.0060707+0.0033375i,6.4858e-05-0.0078869i,0.0038673+0.0035766i,0.0047177+0.0042546i,-0.0011022+0.0052967i,0.00051611-0.0041303i,0.0053839-0.0066613i,0.0087673-0.0036844i,0.0035292-0.0039147i,-0.019638-0.013516i,0.00095532-0.0099442i,-0.0049606-0.0080963i,0.0017672-0.0049053i,-0.001703-0.0022154i,-0.0032287-0.012938i,0.0027847-0.0032896i,0.00080611+0.0036134i,0.0056207-0.0032189i,0.0027245-0.0082706i,-0.0020879-0.012235i,0.00032698-0.0051743i,-0.0020605-0.0084998i,0.001645-0.00068906i,0.00013648-0.0071506i,-0.0067416+0.0047852i,-0.032426+0.0084144i,-0.022151-0.015122i,-0.011066-0.0063481i,-0.0044155+0.025699i,-0.010803+0.0090528i,-0.0061207+0.0042555i
0.011567-0.0019648i,0.012936-0.001641i,0.0093562+0.0012945i,0.010108+0.012743i,0.019138+0.0047584i,0.021165-0.0038018i,0.019951+0.017207i,0.010431+0.0098534i,0.008238-0.003591i,-0.001739+0.000295i,-0.00080403-0.0016538i,-0.0017456+9.3915e-05i,-0.0032694-0.00063801i,-0.0019764-0.001455i,-0.0011403+0.0023517i,0.0011263+0.002362i,0.0024081+0.0058412i,0.001829-0.00053382i,7.8564e-05-0.0017602i,-0.0010783-0.001829i,0.0008266+0.00024355i,1.3548e-05-0.0027855i,-0.0016264-0.002724i,-0.0041253+0.0050607i,-0.0002418-0.00085852i,-0.0012025-0.0016383i,0.00050584-0.0004874i,0.00074915-0.0013096i,0.0011287+0.00052164i,-0.00044979-0.0018477i,0.0050555+0.00042639i,-0.00021847+0.00053881i,0.0011663+0.0018823i,-0.00017799+0.0020373i,0.0011976+0.0017434i,-0.0049132-0.0072818i,0.00066793-0.00048742i,-0.00026408-0.00047746i,0.00012462-0.0008481i,0.00088228-0.0012119i,0.00048431-0.00017358i,0.00085816-5.0252e-05i,-0.001069+0.00041145i,0.002461+0.0031477i,0.0070777-0.012047i,-0.023821-0.028787i,0.0068931-0.0018711i,-0.024132-0.0076879i,-0.026869+0.027347i,0.00034071-0.0045761i,0.02163+0.01047i,0.0035766-0.013014i,-0.0052586-0.007798i,-0.006009-0.007436i,-0.011516+0.033261i,-0.0017354+0.0070016i,0.012315-5.5687e-05i,0.0034514-0.0035273i,-0.00028185+0.011345i,-0.0022568+0.020058i,0.0067946+0.0056244i,0.0055054+0.0071522i,0.0016682-0.0012896i,0.012904-0.003917i,0.0092033+0.0045748i,0.0070649+0.0027446i,-0.0042407-0.0039748i,0.0054515+0.0040133i,0.006183+0.0038827i,0.0023926+0.005672i,-0.00037024-0.0043132i,0.0036389-0.0077104i,0.0061178-0.0094039i,8.8152e-05-0.0050115i,-0.024836-0.0062519i,-0.0022675-0.0092851i,-0.0070032-0.0036828i,0.0012746-0.0031931i,-0.0018777-0.001774i,-0.0050593-0.012557i,0.0011114-0.0041007i,0.0025495+0.0011916i,0.0030934-0.0052997i,0.00067092-0.007427i,-0.0064939-0.0080249i,-0.0024567-0.0055292i,-0.0041658-0.0052698i,0.00051365-0.0015676i,-0.002241-0.0040312i,-0.0033426+0.0041917i,-0.025332+0.0093207i,-0.02291-0.010232i,-0.013099-0.0052202i,0.00067538+0.022834i,-0.0086632+0.011258i,-0.004405+0.0027387i
0.010658-0.0045185i,0.012177-0.0034674i,0.0086368+0.00086702i,0.011577+0.010032i,0.017517+0.0017451i,0.019537-0.0078741i,0.02252+0.011715i,0.01109+0.0078975i,0.0080259-0.005295i,-0.0014268+0.00098278i,-0.00074939-0.00059509i,-0.00091997+0.00014281i,-0.0033114+0.00084579i,-0.003003-0.00075138i,-0.000461+0.0029741i,0.0022668+0.0018735i,0.0053141+0.0034831i,0.0017517-0.0008615i,-0.00030574-0.0015785i,-0.0013283-0.00097838i,0.00097802-0.00034566i,-0.00093624-0.0024236i,-0.0022532-0.0019104i,-0.0026281+0.0062315i,-0.00084307-0.00086696i,-0.0015908-0.00087704i,-0.00010082-0.00092106i,-0.00030915-0.0018216i,0.0010179-0.00046134i,-0.0013696-0.0018073i,0.0095614+0.0011697i,0.0001671+0.000142i,0.0016303+0.00093005i,0.0004011+0.0019839i,0.0011964+0.00090462i,-0.0082701-0.004951i,0.00033906-0.00094393i,-0.00075299-0.00039452i,-0.00041716-0.0012511i,0.00081922-0.00090586i,0.00044274-0.00026402i,0.00090571-0.00033401i,-0.0012777+0.00023578i,0.0037856+0.0032341i,0.005276-0.014092i,-0.028316-0.02629i,0.005508-0.0059634i,-0.022567-0.0019417i,-0.014636+0.030947i,-0.0020793-0.0048955i,0.022413+0.003505i,0.00019446-0.015938i,-0.0056059-0.0089487i,-0.0045628-0.0061339i,-0.002078+0.034276i,0.00062362+0.0065856i,0.0068215-0.0006525i,0.00091479-0.0046201i,0.0045895+0.012174i,0.0036295+0.017852i,0.0070313+0.0025773i,0.0061684+0.0014529i,0.00075389-0.00077283i,0.0099668-0.0085753i,0.011154+0.00047235i,0.0086932+0.00086202i,-0.0045859-0.0012398i,0.0074696+0.0034675i,0.0079052+0.0034091i,0.005645+0.0035396i,-0.0014694-0.0038862i,0.0017792-0.0087357i,0.00056459-0.010907i,-0.0016736-0.0029483i,-0.025929+0.0025841i,-0.0044751-0.0080564i,-0.0059261-0.00036269i,0.0014263-0.0031284i,-0.0022841-0.0012503i,-0.0090341-0.011612i,-0.0016682-0.0045823i,0.0029613-0.00031322i,0.00056329-0.0056866i,-0.00039706-0.0072922i,-0.008313-0.0045468i,-0.005027-0.0030923i,-0.0056494-0.0011588i,9.4761e-05-0.0019007i,-0.0023716-0.0021289i,-0.00057961+0.0027396i,-0.02527+0.010676i,-0.021789-0.0077364i,-0.01483-0.0027797i,0.0019349+0.02123i,-0.0072922+0.011958i,-0.0034794+0.0015932i
0.0092444-0.0065796i,0.011506-0.0053118i,0.0087833+0.00024217i,0.012361+0.0073304i,0.016659-0.00020304i,0.017124-0.011261i,0.02351+0.0053646i,0.01173+0.0058131i,0.0070867-0.0071947i,-0.0010366+0.0012651i,-0.00056996-0.00078579i,-0.00090317-0.0003861i,-0.0027747+0.0022139i,-0.0031755+0.00055877i,0.00058176+0.0030842i,0.0027051+0.0008879i,0.0053982+0.00040966i,0.0012663-0.0014764i,-0.00077678-0.0012867i,-0.0010296-0.00040054i,0.00098487-0.0010056i,-0.0013415-0.0018757i,-0.0024165-0.0010112i,-0.00025486+0.0064528i,-0.0013083-0.00062118i,-0.0020579-0.00018134i,-0.00092891-0.00093923i,-0.0014054-0.0015125i,0.00051369-0.0012505i,-0.0021912-0.0012336i,-0.0017058-0.0016293i,-0.00022854+0.00018505i,0.0015658+0.00013949i,0.0010366+0.0016606i,0.0010118+0.00064417i,-0.0099356-0.0014692i,-0.00033482-0.0011472i,-0.00096891-2.3057e-05i,-0.0011414-0.0011238i,0.00081129-0.00076715i,0.00034162-0.00040982i,0.0007819-0.00060723i,-0.0015811+0.00034312i,0.0050405+0.0024669i,0.0022192-0.015067i,-0.033091-0.019253i,0.0033637-0.008514i,-0.017341+0.0038699i,-0.0044955+0.03109i,-0.0037384-0.002062i,0.021872-0.0040743i,-0.00050969-0.018526i,-0.005744-0.009056i,-0.0013242-0.0045961i,0.0067639+0.031709i,0.0016659+0.004664i,0.0044191-0.0011764i,-0.002307-0.0044077i,0.010249+0.0093519i,0.0070016+0.014815i,0.0048282+0.00061772i,0.0045609-0.003496i,0.0013301+0.0020607i,0.0047099-0.011071i,0.010752-0.005135i,0.0092636-0.0017518i,-0.0047181+0.0018363i,0.010058+0.0015579i,0.011228+0.0009251i,0.0067174-0.0006504i,-0.0020513-0.0031833i,-0.00090383-0.0091518i,-0.0069804-0.0084638i,-0.0010508-0.0010746i,-0.023583+0.011123i,-0.0065878-0.0067495i,-0.004553+0.0019423i,0.0010939-0.0062565i,-0.0021176+0.00044457i,-0.012899-0.0079722i,-0.0044221-0.0027893i,0.0023027-0.0024207i,-0.0015076-0.0048945i,-0.0021632-0.0070632i,-0.0082768+0.00057255i,-0.005239+0.00013343i,-0.0082326-0.0016264i,-0.0011036-0.0034403i,-0.0017787-0.0015728i,0.0011828+0.0011914i,-0.025092+0.018325i,-0.0215-0.0082635i,-0.012449+0.0015534i,0.0055887+0.020862i,-0.0063024+0.01405i,-0.0023222-0.000795i
0.0077487-0.0081096i,0.010589-0.0072373i,0.0090467-0.0010774i,0.012548+0.004773i,0.016211-0.0022854i,0.014473-0.013817i,0.022369-0.00046522i,0.011975+0.0037732i,0.005756-0.0086447i,-0.00094007+0.0015811i,-0.001068-0.00047746i,-0.0015122-0.00042614i,-0.0019049+0.0029764i,-0.0028002+0.0018074i,0.0017005+0.0027582i,0.0020837+9.3335e-05i,0.0041569-0.0013683i,0.00054603-0.0013222i,-0.0008915-0.0009709i,-0.00060943-0.00019239i,0.00077798-0.0016338i,-0.0014242-0.0015743i,-0.0021175-0.00035262i,0.0018408+0.0060538i,-0.0016172-0.00034782i,-0.0022892+0.00088796i,-0.0016887-0.00048219i,-0.0021129-0.00070551i,-0.00044563-0.0017218i,-0.0029344-0.00039245i,-7.4733e-05-0.00083352i,-0.00032143+0.00057935i,0.0012472-0.00043577i,0.0016931+0.0012017i,0.00080076+0.00046982i,-0.010345+0.0021789i,-0.00099032-0.0010223i,-0.0010123+0.00023052i,-0.0017868-0.00054263i,0.00090074-0.00053618i,0.00029889-0.00045134i,0.00073391-0.00083714i,-0.0018453+0.00072671i,0.0058239+0.0011265i,-0.0001421-0.014625i,-0.032131-0.0091283i,-0.00025787-0.0099718i,-0.011105+0.0047479i,0.0048372+0.029081i,-0.0024698+0.0014501i,0.01847-0.010643i,-0.003472-0.023633i,-0.0049892-0.0084464i,0.0031577-0.0030316i,0.014757+0.025701i,0.0024973+0.0038907i,0.0013931-0.00088416i,-0.0040882-0.0025797i,0.012834+0.0030057i,0.010154+0.01334i,0.0025527+0.0019137i,0.00038899-0.0064407i,0.0047046+0.00131i,-0.0006764-0.01026i,0.0069806-0.0087525i,0.0088334-0.0049155i,-0.0041949+0.0038166i,0.011079-0.0032561i,0.01036-0.0053157i,0.0051069-0.0043428i,-0.0025654-0.0025521i,-0.0039998-0.0083438i,-0.0051742-0.0050095i,2.8432e-05-0.001347i,-0.01792+0.021344i,-0.008711-0.0049253i,-0.0020722+0.003103i,-0.0033213-0.0073886i,-0.00086841+0.0010647i,-0.015147-0.0030205i,-0.0041606+0.00027623i,0.00052342-0.003721i,-0.0034497-0.0036294i,-0.0041273-0.0055702i,-0.0059135+0.0038362i,-0.0034446+0.0020529i,-0.0078832+0.0031676i,-0.0048226-0.0029833i,-0.0021514-0.0014597i,0.0043001+0.00015371i,-0.013963+0.02564i,-0.024786-0.007775i,-0.0104-0.00046673i,0.0078597+0.018204i,-0.0036513+0.016099i,-0.0034488-0.004036i
0.0064168-0.0094178i,0.0094715-0.0092571i,0.0087517-0.0026446i,0.01223+0.0025422i,0.016072-0.0044347i,0.011723-0.016225i,0.020087-0.0050362i,0.012038+0.0019149i,0.0039162-0.009731i,-0.00049317+0.0021258i,-0.0012021+0.00022317i,-0.0021886+0.00015959i,-0.00092918+0.0035137i,-0.0020181+0.0026793i,0.0025982+0.00182i,0.0013655+4.7301e-05i,0.0024743-0.0023443i,0.001623-0.00021998i,-0.00035641-0.00077607i,-0.00023632-0.0002233i,8.5889e-05-0.0019417i,-0.0017164-0.0014266i,-0.0017367-0.00014155i,0.0043736+0.005826i,-0.0022518+0.00010397i,-0.0016705+0.0020441i,-0.0020297+0.00052297i,-0.0023505+0.00028732i,-0.0016083-0.0016649i,-0.0032463+0.00095132i,-0.0002403-0.0014419i,0.00030628+0.00078699i,0.00084509-0.00073797i,0.0022648+0.00025833i,0.00056046+0.00021973i,-0.0089608+0.0056704i,-0.0016522-0.00055401i,-0.0011127+0.00052228i,-0.0020257+0.00023785i,0.0012219-0.0010581i,0.00037239-0.00056605i,0.00052425-0.0011547i,-0.0017967+0.0012083i,0.0053625-0.00050341i,-0.0020218-0.014078i,-0.027656-0.0039647i,-0.0043143-0.0082226i,-0.0069037+0.0034361i,0.014605+0.02121i,0.002626+0.0029484i,0.013648-0.016205i,-0.01058-0.02799i,-0.0051765-0.012208i,0.0094473-0.0068202i,0.018122+0.017347i,0.00022061+0.0025128i,-0.00052521+0.00056563i,-0.0048033-0.00090319i,0.011467-0.0028234i,0.012862+0.009177i,0.0030006+0.0050185i,-0.0042871-0.0063258i,0.0054593-0.0023789i,-0.0043214-0.0068016i,0.0027851-0.010239i,0.0060324-0.0067183i,-0.0010502+0.0070637i,0.0082987-0.0076134i,0.0058322-0.0084455i,0.00047339-0.0063113i,-0.0032012-0.0014276i,-0.0061462-0.0063023i,-0.0061081-0.0014859i,-0.00097059-0.0019068i,-0.0037863+0.026487i,-0.010213-0.0020058i,0.00023891+0.0027109i,-0.0066787-0.0059078i,0.00018285+0.00092295i,-0.015793+0.0026433i,-0.0031848+0.0013921i,-0.0018612-0.0034556i,-0.0039512-0.00076382i,-0.004841-0.003554i,-0.0022986+0.0054211i,-0.0015365+0.0023723i,-0.0050871+0.0061421i,-0.0060162+0.00059989i,-0.0031728-0.0016469i,0.0079547-0.0040041i,-0.005951+0.019195i,-0.02692-0.0034608i,-0.0091829-0.0015599i,0.010954+0.016198i,-0.0018899+0.016453i,-0.0074579-0.0056904i
0.0049129-0.011174i,0.0077994-0.011301i,0.0083946-0.0037429i,0.012109+0.0010488i,0.01583-0.0070972i,0.0086368-0.018119i,0.017348-0.0086137i,0.01209+8.3396e-05i,0.0018077-0.010454i,7.8111e-05+0.0023761i,-0.00069433+0.0008693i,-0.0024757+0.0014677i,0.00022008+0.0036731i,-0.0010538+0.0034526i,0.0023282+0.00063995i,0.00097794+0.00037881i,0.00093973-0.0025453i,0.0010429-0.0017863i,-0.0007252-0.001148i,6.6604e-05-0.0006597i,-0.00029985-0.0020546i,-0.0021653-0.00096382i,-0.0016151-0.00016529i,0.0072529+0.0035327i,-0.0025523+0.0015685i,-0.00048056+0.0025836i,-0.0019158+0.0013844i,-0.0021973+0.0012227i,-0.0028431-0.00070729i,-0.0027864+0.002572i,-0.0034029+0.0021726i,8.8939e-05+0.0001977i,0.00031756-0.00090497i,0.001296-0.00090253i,0.00027342+0.0008493i,-0.0066018+0.007985i,-0.0021497+0.00024326i,-0.0010179+0.0010869i,-0.0021277+0.001047i,0.00094984-0.0015308i,0.00036185-0.00070542i,0.00010298-0.0014182i,-0.0017666+0.0016401i,0.0041711-0.00096812i,-0.0031918-0.013248i,-0.024973-0.00094687i,-0.0058829-0.0048961i,-0.003382+0.0019952i,0.023596+0.014996i,0.0060275+0.00056721i,0.0069643-0.019136i,-0.019103-0.027721i,-0.0097667-0.013022i,0.012497-0.013719i,0.019334+0.011923i,0.00086031+0.00084126i,0.00014224+0.0028314i,-0.0045423+0.00056579i,0.0083756-0.006568i,0.014917+0.004987i,0.0057761+0.0056087i,-0.0081948-0.0055109i,0.0022682-0.0040517i,-0.0053919-0.0043218i,-0.0022635-0.0092781i,0.0031296-0.0078808i,0.0027074+0.0054053i,0.004045-0.008689i,0.0021084-0.0085873i,-0.0026361-0.0033827i,-0.0023566-0.00029706i,-0.007205-0.0041107i,-0.0062015-0.00068827i,-0.00054034-0.00098902i,0.0089313+0.023629i,-0.011753+0.0014496i,0.00089574+0.0012734i,-0.0072445-0.0031099i,0.00089061+0.0003907i,-0.013054+0.0093078i,-0.0023693+0.0024457i,-0.0028133-0.00072267i,-0.0029792+0.00028355i,-0.0052096-0.0013208i,8.9504e-05+0.0031339i,-0.0004062+0.0018735i,-0.0017184+0.0074989i,-0.0037912+0.0025563i,-0.0045111-0.0011096i,0.008128-0.0095903i,-0.001399+0.021299i,-0.027473+0.0016736i,-0.0098289-0.0033102i,0.012849+0.013945i,0.00081908+0.018104i,-0.010211-0.0047428i
0.0023386-0.012334i,0.0051106-0.013343i,0.0080696-0.0056125i,0.012405-0.00087783i,0.015445-0.010209i,0.0051517-0.019761i,0.014143-0.01167i,0.011884-0.0018925i,-0.00026857-0.0099237i,0.0010009+0.0022089i,-0.0003011+0.00065401i,-0.0019091+0.0027218i,0.001031+0.003157i,4.6043e-05+0.003431i,0.0015164+0.00047803i,0.00081398+0.0007202i,-0.00018124-0.0021153i,0.00064835-0.0021347i,-0.0010581-0.0011139i,-0.00031106-0.0013442i,-0.0010423-0.0022195i,-0.0020413-0.00017861i,-0.0018107-0.00019698i,0.007846-0.00039316i,-0.0016198+0.0026919i,0.00039632+0.0025222i,-0.0015008+0.0023555i,-0.0015826+0.0020684i,-0.0032408+0.0011229i,-0.001606+0.0038297i,0.00014156-0.00067266i,-0.00052625+0.0010972i,-0.00010793-0.00075952i,0.000687-0.00092245i,0.00072822+0.0015307i,-0.0036443+0.0096912i,-0.0021042+0.0015199i,-0.00048863+0.0014956i,-0.0018922+0.0021661i,0.00031278-0.0019866i,0.00043755-0.00088576i,-0.00039528-0.0013891i,-0.0016698+0.0025163i,0.0037869-0.00098373i,-0.0035596-0.012486i,-0.023452+0.0029434i,-0.0064178-0.001068i,-0.00046941-0.0009798i,0.031322+0.0061079i,0.0085897-0.0012397i,0.00023979-0.019256i,-0.025922-0.02417i,-0.013848-0.010323i,0.011243-0.022597i,0.02047+0.002735i,-0.00079895+0.0006312i,5.4446e-05+0.0017781i,-0.0047925+0.0013797i,0.0032017-0.0096456i,0.015501-6.041e-06i,0.0082514+0.0042787i,-0.012163-0.0023679i,0.0007676-0.0030707i,-0.0059929-0.0017161i,-0.0047253-0.0062693i,0.00035098-0.0079313i,0.0047759+0.0045937i,0.0011415-0.0083524i,-0.0026222-0.0071082i,-0.0024788-0.00050728i,-0.0021641-0.00053123i,-0.009014-0.0015379i,-0.0042748+0.0029018i,-0.00093093-0.0014496i,0.017413+0.018243i,-0.011728+0.0062368i,0.0011843+0.00065931i,-0.0055911-0.00020309i,0.0012509-0.00073173i,-0.006327+0.013263i,-0.00064561+0.0032938i,-0.0029834+0.00035389i,-0.002417+0.0014708i,-0.0043357+0.0014817i,-0.00091683+0.0025217i,1.2284e-06+0.0011521i,0.0017963+0.0075884i,-0.002213+0.0018918i,-0.0055298+0.00069287i,0.0053401-0.013875i,0.0087169+0.019316i,-0.026105+0.0058184i,-0.011297-0.0046768i,0.015645+0.0097654i,0.0055513+0.019205i,-0.011727-0.0028251i
-0.00022539-0.012294i,0.0014689-0.013942i,0.0068075-0.0073057i,0.012269-0.0035474i,0.013919-0.013689i,0.0010729-0.020393i,0.010423-0.013448i,0.01127-0.0036988i,-0.0014181-0.0093017i,0.0010603+0.0015822i,-0.00030112+0.00063526i,-0.00075921+0.003527i,0.0013458+0.0028563i,0.00068784+0.0033455i,0.001569+0.00089152i,0.00056069+0.0011526i,-0.00089904-0.001153i,0.000255-0.0024603i,-0.00095553-0.00098533i,-0.0011821-0.0014998i,-0.0016996-0.0017523i,-0.0019028+0.0001479i,-0.0021702+0.00013826i,0.0064349-0.0034672i,-0.00058078+0.0032781i,0.0012716+0.0024153i,-0.00042325+0.0031337i,-0.00080406+0.0025002i,-0.0023846+0.0026214i,0.0001314+0.004252i,-0.00039848-0.00040964i,0.00058837+0.0018206i,-0.00034496-0.00053773i,0.00010303-0.00094675i,0.001313+0.0016251i,-0.00056416+0.010319i,-0.0011635+0.0025556i,3.6079e-05+0.0015583i,-0.00095653+0.0030581i,-0.00050846-0.0019483i,0.00026213-0.0012453i,-0.00069176-0.0012441i,-0.00097124+0.0032675i,0.00363-0.00097274i,-0.0036091-0.012973i,-0.02162+0.0055231i,-0.001228+0.002347i,-0.0010229-0.0052858i,0.034792-0.0077091i,0.01049-0.0054952i,-0.0059382-0.016386i,-0.03208-0.017993i,-0.016077-0.0050119i,0.0055371-0.029414i,0.01627-0.0019101i,-0.0015069+0.0022365i,-0.00053514+0.0037205i,-0.0047203+0.0027371i,-0.0031686-0.0085064i,0.013772-0.0055i,0.010462+0.0015461i,-0.012009+0.0035985i,7.816e-05-0.0028475i,-0.0049847+0.00080024i,-0.0055031-0.0028344i,-0.0017952-0.0074534i,0.0060783+0.0013115i,-0.0015675-0.0076965i,-0.004099-0.0023809i,-0.00151+0.0011844i,-0.0026159-0.00011416i,-0.0092315+0.0024492i,-0.0018573+0.0036099i,-0.0018587-0.0013143i,0.021516+0.011688i,-0.0080364+0.010118i,0.0014397-0.00031188i,-0.004455+0.0014137i,0.0002171-0.0017293i,-0.00022042+0.012684i,0.0016318+0.0024415i,-0.0025712+0.0024464i,-0.0015013+0.0026168i,-0.0015834+0.0035803i,0.00026992+0.0039902i,-0.00042907+0.00047733i,0.0057858+0.0060835i,-0.0022875+0.00079019i,-0.0062615+0.0029414i,0.0023116-0.014984i,0.018131+0.0095005i,-0.022645+0.010133i,-0.014313-0.0045138i,0.014599+0.0052687i,0.01063+0.017976i,-0.011424-0.0012418i
-0.0020383-0.011763i,-0.0016051-0.013014i,0.0052481-0.0083292i,0.011558-0.0061417i,0.011435-0.016678i,-0.002728-0.02019i,0.0070504-0.013927i,0.010457-0.0051583i,-0.00214-0.0088845i,0.00063718+0.0012841i,-0.00039332+0.00074631i,0.00061062+0.0037565i,0.0016941+0.0029302i,0.0012682+0.0031888i,0.002109+0.0008198i,-7.6395e-05+0.0021794i,-0.00073026-0.00025823i,-0.00059104-0.0028099i,-0.0012853-0.001163i,-0.0019781-0.0010726i,-0.0022014-0.0014015i,-0.0017165+0.0005036i,-0.0023286+0.00084959i,0.0041736-0.0054178i,0.00059293+0.00358i,0.0022553+0.0018591i,0.00086146+0.0033266i,9.4305e-05+0.0027374i,-0.0010903+0.003495i,0.0019428+0.0040059i,-0.00041782-8.5911e-05i,0.0016027+0.0019039i,-0.0005803-0.0002191i,-0.00025232-0.00046162i,0.002124+0.0020521i,0.0026465+0.010083i,-1.4614e-05+0.0029071i,0.00045513+0.0015829i,0.00046367+0.0033895i,-0.001043-0.0017351i,-0.00010494-0.0014685i,-0.0009877-0.0011005i,-3.432e-05+0.0035243i,0.0032299-0.0015439i,-0.0050653-0.013892i,-0.014235+0.0036765i,0.0036839+0.0020372i,-0.0033023-0.0065356i,0.031507-0.020876i,0.0098564-0.0096462i,-0.008857-0.011518i,-0.035472-0.009263i,-0.015278+0.001316i,-0.0026687-0.032109i,0.012302-0.0044175i,-0.00069808+0.0036673i,0.0018171+0.0042979i,-0.0042128+0.0041563i,-0.0063972-0.004364i,0.0099001-0.010838i,0.011155-0.0024217i,-0.010717+0.0063997i,-0.0005762-0.0019693i,-0.0031901+0.0019087i,-0.0042775-0.000819i,-0.0044868-0.005779i,0.0055344-0.00086257i,-0.0038295-0.0061085i,-0.002761+7.9864e-05i,0.00013208+0.0019081i,-0.00259+0.000599i,-0.0067066+0.00573i,0.00047967+0.0033473i,-0.0022042+0.00015245i,0.021179+0.0034678i,-0.0034994+0.012251i,0.00070857-0.00094423i,-0.0023999+0.001799i,-0.00090195-0.001324i,0.003873+0.010657i,0.0023496+0.0012923i,-0.00071985+0.004691i,0.00035309+0.0031504i,0.0013805+0.0044192i,0.0012011+0.0028954i,-0.0014753+0.00077292i,0.007159+0.0026192i,-0.0033271+0.00058499i,-0.005034+0.0057997i,0.00078984-0.015483i,0.018704-0.0052807i,-0.017312+0.010488i,-0.017445-0.003168i,0.01413+0.0022482i,0.014791+0.013403i,-0.012242-0.0013277i
-0.00366-0.011251i,-0.0036274-0.011531i,0.0039166-0.0089508i,0.010433-0.0089718i,0.0086188-0.019181i,-0.0065532-0.019433i,0.0045402-0.013673i,0.0097804-0.0065667i,-0.0026839-0.0088593i,0.00067643+0.0013796i,-0.00031599+0.0010328i,0.0019666+0.0034883i,0.0025258+0.0029016i,0.0019876+0.003218i,0.0024876+0.00034848i,-0.0057358+0.010948i,-0.00016962-1.6858e-06i,-0.0015733-0.0028654i,-0.0018714-0.00089613i,-0.0025351-0.00027367i,-0.002644-0.00093698i,-0.0014028+0.00069945i,-0.0021099+0.0015919i,0.0013234-0.0064755i,0.002068+0.0032883i,0.0028612+0.00087366i,0.0022023+0.0028974i,0.0011639+0.0027662i,0.00035419+0.003794i,0.0033578+0.0028889i,-0.00026233+8.8245e-05i,0.0029076+0.0026849i,-0.0006276+0.00032747i,-0.00019436-7.3921e-05i,0.0037779+0.0022171i,0.0054558+0.0088032i,0.001239+0.0027781i,0.0010262+0.0015097i,0.0016915+0.0030571i,-0.0014595-0.0013133i,-0.00050502-0.0016558i,-0.0013446-0.00087163i,0.00094383+0.0037657i,0.002892-0.0017287i,-0.0068709-0.01437i,-0.0095432+0.0025845i,0.0077589-0.001045i,-0.0048906-0.0061289i,0.024412-0.031025i,0.0078579-0.012696i,-0.0088354-0.0068484i,-0.034278+0.00034099i,-0.010222+0.0076021i,-0.010104-0.030239i,0.0093474-0.0053025i,0.00076369+0.0041358i,0.0033128+0.003086i,-0.0033771+0.0056728i,-0.0072008-0.00092987i,0.0034709-0.014512i,0.0089461-0.0068492i,-0.008813+0.008562i,-0.00036106-0.0011855i,-0.0016343+0.0016979i,-0.0034388-0.00022319i,-0.0051565-0.0030399i,0.0041637-0.0021478i,-0.0058144-0.0038498i,-0.00087917+0.001019i,0.0020124+0.0010949i,-0.0022689+0.0014991i,-0.0040231+0.0067485i,0.0015758+0.0019173i,-0.0010974+0.0012893i,0.017099-0.00415i,-0.00213+0.012579i,7.5088e-05-0.00044133i,-0.0010426+0.0019318i,-0.0013235-0.00015408i,0.0070679+0.0079387i,0.0034058+0.00037508i,0.0025869+0.0046682i,0.0017957+0.0023149i,0.0038542+0.003143i,0.0017407+0.0028554i,-0.0016416+0.0021921i,0.0066039+0.00045789i,-0.0045466+0.001181i,-0.0023804+0.0073211i,-0.00068082-0.016936i,0.010841-0.016183i,-0.015041+0.0063521i,-0.021177+0.00081028i,0.011994-0.0025501i,0.015976+0.0086293i,-0.013654-0.00040057i
-0.0051223-0.010225i,-0.0052923-0.010206i,0.0024278-0.0098777i,0.0080376-0.01195i,0.0051376-0.021484i,-0.010236-0.01758i,0.0026587-0.013434i,0.0090037-0.0081766i,-0.0035786-0.008873i,0.0006549+0.0015867i,-0.00026367+0.0011434i,0.0030235+0.0024186i,0.003344+0.0024213i,0.0027997+0.002887i,0.0025566-0.00016493i,0.02121+0.012768i,-6.1873e-05-0.00011127i,-0.0028994-0.0024434i,-0.0021266-0.00038624i,-0.0028052+0.00077971i,-0.0032295-0.00012263i,-0.0011156+0.00060522i,-0.0017381+0.0022277i,-0.0017613-0.006264i,0.0032435+0.001966i,0.0029232-0.00015008i,0.0032344+0.0019388i,0.0022578+0.0022627i,0.0020135+0.0034148i,0.0041699+0.0013279i,-3.757e-06+9.4846e-05i,0.0029614+0.003107i,-0.00071748+0.00016277i,3.2852e-05+0.0001507i,0.0055808+0.0079863i,0.0077303+0.0066918i,0.0022593+0.0020143i,0.0015413+0.0011407i,0.002931+0.0022567i,-0.0016102-0.00072967i,-0.0012367-0.0016164i,-0.0016117-0.00040668i,0.0021562+0.0033571i,0.0025087-0.0019694i,-0.0092302-0.014353i,-0.0071921+0.00070102i,0.0094815-0.0052165i,-0.0051766-0.0048799i,0.01498-0.038032i,0.0049597-0.01472i,-0.0073423-0.0045938i,-0.029431+0.0064814i,-0.0019184+0.0095494i,-0.015634-0.02635i,0.0069603-0.005514i,0.0021855+0.0035016i,0.0034184+0.0015i,-0.0016784+0.0066755i,-0.0073688+0.0022602i,-0.0048927-0.013658i,0.0051993-0.0087917i,-0.0066128+0.010287i,0.00069834-0.0014239i,-0.0011725+0.001183i,-0.0032859-8.7397e-05i,-0.0049743-0.0010946i,0.0027806-0.0023478i,-0.0093122-0.003803i,0.0002199+0.00047001i,0.0025543-0.0011823i,-0.0017079+0.0022763i,-0.0008585+0.0069399i,0.0013363+0.00077689i,-0.00018339+0.00089381i,0.01209-0.0088488i,0.009104+0.010493i,0.00057892-8.3942e-05i,0.00045487+0.001191i,-0.0006021+0.00037337i,0.0085084+0.0044729i,0.0041642-0.0017705i,0.0044495+0.0029023i,0.0025881+0.0016048i,0.0045802+0.00096075i,0.0031824+0.0025589i,-0.00041644+0.0036457i,0.0059224-0.00175i,-0.0053026+0.0028547i,-5.8381e-05+0.0069935i,-0.0028402-0.018247i,-0.0002843-0.022088i,-0.018397+0.0032833i,-0.021661+0.0063665i,0.0064241-0.0050449i,0.015661+0.0038414i,-0.013354+0.00080882i
-0.0058174-0.0090327i,-0.0064135-0.0083394i,0.00044338-0.010156i,0.0043622-0.013794i,0.00089535-0.023004i,-0.013005-0.015017i,0.0012631-0.013129i,0.0078849-0.0098052i,-0.0044127-0.00912i,0.0011268+0.0021934i,-0.00014949+0.0016209i,0.003376+0.0013252i,0.0041954+0.001698i,0.0037307+0.0023309i,0.0026523-0.00070776i,0.0075504+0.0059509i,-0.00043492+8.1623e-06i,-0.0040504-0.0010736i,-0.0021139+8.4247e-05i,-0.0024289+0.0020859i,-0.0029338+0.0011187i,-0.0014735+0.00035i,-0.0010716+0.0028083i,-0.0044824-0.0046991i,0.0034322+0.00051977i,0.0026504-0.0011335i,0.0039666+0.00050981i,0.0030009+0.0013342i,0.0032631+0.002067i,0.0043061-0.00036576i,0.00015734-0.00011579i,0.0027974+0.0020583i,-0.0001662+0.00039648i,0.00033202+0.00011982i,-0.0020165+0.00066024i,0.0089856+0.0038355i,0.0027974+0.00089943i,0.0019151+0.00063818i,0.0037911+0.00083989i,-0.0015564-0.00012044i,-0.0019825-0.0011124i,-0.0016411+7.941e-05i,0.003033+0.0024146i,0.0020204-0.0021632i,-0.011528-0.013523i,-0.0058045-0.0026197i,0.0090967-0.0093021i,-0.0041155-0.0044389i,0.0045502-0.04052i,0.0013954-0.015261i,-0.0062905-0.0031564i,-0.023639+0.0083178i,0.0059656+0.0070681i,-0.018112-0.020992i,0.0056771-0.005492i,0.0032249+0.0018406i,0.0029613+0.00060893i,0.00080635+0.0069599i,-0.0058682+0.0056244i,-0.010782-0.0083962i,0.00165-0.0086422i,-0.003997+0.011508i,0.00044385-0.0033776i,-0.0013561+0.0011548i,-0.0034568+0.00038206i,-0.0037087+0.0010133i,0.0017704-0.0021648i,-0.0086064-0.0081067i,0.00047388-0.00016655i,0.00080963-0.0029762i,-0.0003938+0.0029008i,0.0024424+0.0055563i,0.00079384+0.00049385i,0.00019986+0.00063938i,0.0066212-0.010824i,0.010646+0.0048461i,0.00093139-0.00052308i,0.00043686+0.00058985i,0.0003598+0.00030749i,0.0081116+0.0016303i,0.0029539-0.0044759i,0.0060923+0.00082559i,0.0033832+0.00066004i,0.0045532-0.0012195i,0.003967+0.001328i,0.0011579+0.0040617i,0.0040863-0.0027947i,-0.0050032+0.0051046i,0.0018199+0.0057959i,-0.0067526-0.017224i,-0.013072-0.021945i,-0.022639+0.0040725i,-0.018846+0.011936i,0.0018801-0.0031175i,0.011358-6.4417e-05i,-0.012809+0.0010174i
-0.0060752-0.0085211i,-0.0066131-0.0067895i,-0.0012243-0.0097831i,0.00078057-0.013837i,-0.003583-0.023463i,-0.014962-0.012373i,0.00033728-0.013326i,0.0064049-0.011468i,-0.0056466-0.0091171i,0.0021311+0.002135i,0.00048488+0.0021276i,0.0033667+0.00045644i,0.0047487+0.00035628i,0.0044471+0.0012853i,0.0025656-0.0013535i,0.0053862+0.0044376i,-0.00032827+0.00045712i,-0.0038811+0.00055191i,-0.0022391+0.00050773i,-0.0014592+0.0028277i,-0.0025423+0.0018995i,-0.0019181+0.00092195i,-0.0001154+0.0030307i,-0.0061949-0.0020187i,0.0031956-0.00064546i,0.002094-0.0019869i,0.0039019-0.0011761i,0.0033618+0.00020663i,0.0034814+0.00073706i,0.0037875-0.0019599i,0.00023182-0.00020758i,0.0022766+0.00059596i,0.00027882+0.0004486i,0.00047677-2.0346e-05i,-0.00024273+0.00055051i,0.0089408+0.00083697i,0.0027868-0.0002168i,0.0021516-2.4435e-05i,0.0036092-0.00077139i,-0.0012677+0.00039983i,-0.0022473-0.00029808i,-0.0015769+0.00046831i,0.0034922+0.0013207i,0.0014289-0.0023469i,-0.013658-0.01219i,-0.0076592-0.0059108i,0.0071351-0.012793i,-0.0035292-0.0051693i,-0.004274-0.039748i,-0.00086591-0.0136i,-0.0048145-0.0018971i,-0.019395+0.0098451i,0.010687+0.0015651i,-0.018244-0.016096i,0.004672-0.0060677i,0.0028129-0.00035341i,0.0033299-0.00010813i,0.00323+0.0056712i,-0.0027698+0.0070621i,-0.012549-0.002432i,-0.0016114-0.0077061i,-0.00091284+0.011791i,-0.0024657-0.0041378i,-0.0018801+0.0018366i,-0.0035109+0.0013445i,-0.002327+0.0017031i,0.0013182-0.00099255i,-0.0062472-0.0046318i,0.00030037-0.00083702i,-0.0010624-0.0024811i,0.0010759+0.0025969i,0.0040297+0.0031476i,0.0015097-0.00010339i,0.00054638+0.00067581i,0.00217-0.010794i,0.011275-0.00042812i,0.00067219-0.001177i,0.00028315+0.00059026i,0.0011847-0.00027975i,0.0078658-0.00034373i,-4.4245e-05-0.0054731i,0.0065885-0.0022601i,0.003443-0.0012405i,0.003228-0.0038238i,0.0043067+0.00015904i,0.0027209+0.0038612i,0.0024449-0.0028057i,-0.003764+0.0063543i,0.0028815+0.0039289i,-0.0069989-0.01571i,-0.023546-0.015556i,-0.025418+0.0072972i,-0.014425+0.013892i,0.0010931-0.00088109i,0.0065557+0.003414i,-0.01416+0.0016099i
-0.0069839-0.0083796i,-0.0065653-0.0058913i,-0.0024322-0.0093043i,-0.0021174-0.013053i,-0.0082461-0.023179i,-0.016654-0.0095328i,-0.00087843-0.014467i,0.004372-0.01305i,-0.0072471-0.0088218i,0.0029106+0.0016919i,0.0014825+0.0021109i,0.0031611-0.00026568i,0.0046202-0.0011574i,0.0049186+7.2727e-05i,0.0022217-0.0019403i,0.0053461+0.0024497i,-3.074e-05+0.00070521i,-0.0035186+0.001664i,-0.0020496+0.0012538i,-0.00040886+0.0031141i,-0.0019324+0.0027198i,-0.0017121+0.0019222i,0.0006491+0.0028308i,-0.0059617+0.00090404i,0.0026803-0.0015723i,0.0012056-0.0025336i,0.0031808-0.0027058i,0.0031735-0.0010258i,0.0033795-0.00045881i,0.0026154-0.003252i,0.00033307-0.00037594i,0.00174+4.4037e-06i,0.00060015+0.00017407i,0.00062921-0.00025834i,0.00051713+5.4074e-05i,0.0079215-0.0017671i,0.0025166-0.0010616i,0.0021175-0.00080245i,0.0028497-0.0018971i,-0.00076088+0.00087514i,-0.0022022+0.00055769i,-0.0014942+0.00086837i,0.0033993+0.00038305i,0.00094012-0.0019917i,-0.015498-0.010653i,-0.011483-0.0061058i,0.0041688-0.014794i,-0.0036996-0.0050629i,-0.012463-0.038755i,-0.0012283-0.012006i,-0.0031608-0.0017725i,-0.014438+0.010841i,0.013367-0.0049603i,-0.016334-0.013154i,0.0033178-0.0067281i,0.0012666-0.0022514i,0.0032246-0.0016324i,0.003964+0.0033849i,-0.000651+0.0068991i,-0.012355+0.0033659i,-0.004105-0.0055857i,0.0018444+0.010153i,-0.004795-0.0020786i,-0.001662+0.0031898i,-0.0033446+0.0025236i,-0.00084398+0.0018029i,0.0021145+0.00064426i,-0.0069398-0.0024611i,0.0001147-0.0006456i,-0.0016978-0.0015902i,0.002093+0.0016694i,0.0042399+0.0010572i,0.00096395-0.0019029i,0.0010941+0.00027933i,-0.0017923-0.0095918i,0.0090807-0.0057813i,0.00022855-0.0014586i,0.0010573+0.00018506i,0.0011263-0.001305i,0.0074294-0.0026116i,-0.0023938-0.0047114i,0.0053686-0.0058193i,0.002219-0.0021566i,0.00056243-0.0046663i,0.0045149-0.0014154i,0.0041061+0.0029045i,0.002102-0.0025552i,-0.0023449+0.0068895i,0.0022608+0.0019324i,-0.0068902-0.016538i,-0.02735-0.0057238i,-0.027177+0.012191i,-0.010422+0.01481i,0.00032583+0.00046881i,0.030028-0.0013602i,-0.01511+0.0035847i
-0.0081808-0.0078471i,-0.006769-0.0051981i,-0.0035579-0.0089984i,-0.0043685-0.012017i,-0.013067-0.021697i,-0.01764-0.0061956i,-0.0034343-0.015481i,0.0016555-0.013976i,-0.0089135-0.0079293i,0.0033758+0.00095701i,0.0022621+0.0014468i,0.0028279-0.00094845i,0.0038539-0.0024547i,0.0047634-0.0014489i,0.0017791-0.002301i,0.0052779-0.0001867i,0.00024922+0.00098509i,-0.0028511+0.0027659i,-0.0015908+0.001835i,0.00052067+0.0029807i,-0.001035+0.003368i,-0.00086126+0.0026745i,0.0012593+0.0026243i,-0.0041527+0.0023974i,0.001925-0.0021854i,0.00026638-0.0026721i,0.0016598-0.0038255i,0.0025017-0.0020685i,0.0028713-0.001533i,0.0010913-0.003713i,0.00028259-0.00064904i,0.0014519-0.0004106i,0.00072853-0.00021333i,0.00055963-0.0005153i,0.00071337-0.0003411i,0.0063721-0.0036833i,0.001951-0.0019307i,0.0017747-0.0015439i,0.0020514-0.0024786i,4.1016e-05+0.00098593i,-0.0018685+0.0013037i,-0.0012368+0.0013134i,0.0030108-0.00022229i,0.00081872-0.0015902i,-0.017276-0.0085613i,-0.013728-0.0032285i,0.0014713-0.014627i,-0.0024268-0.0051482i,-0.02052-0.034433i,-0.00097807-0.01129i,-0.0018781-0.0022031i,-0.01043+0.0097755i,0.01261-0.012346i,-0.014375-0.012286i,0.00095666-0.0077871i,-0.0016557-0.0028506i,0.0025046-0.0029054i,0.0040697+0.0018233i,0.0010056+0.0065652i,-0.0097303+0.0082475i,-0.0051226-0.0027644i,0.0032333+0.0083731i,-0.0048307+0.0002374i,-0.00042082+0.0044095i,-0.0023605+0.0046713i,-0.00050119+0.00054356i,0.0050635+9.1709e-05i,-0.0073084+0.0015234i,0.00038858-0.00045026i,-0.0025057-0.00043359i,0.0024007+0.00040536i,0.0042194-0.00062302i,-0.00085962-0.0015104i,0.0011923-0.00031449i,-0.0049747-0.0069558i,0.0052601-0.0087721i,4.5127e-05-0.0016759i,0.0017368-0.0010738i,0.00046929-0.0022061i,0.0062803-0.0044889i,-0.003999-0.0032212i,0.0023626-0.0075555i,0.0015957-0.0024769i,-0.0013634-0.0038166i,0.0032677-0.003414i,0.0046379+0.0013275i,0.0018895-0.0026618i,-0.0005966+0.0080915i,0.00080737+0.0012084i,-0.0086846-0.018057i,-0.026597+0.00122i,-0.026505+0.018767i,-0.00655+0.013105i,-0.00021094+0.0027869i,0.0084268-0.008426i,-0.015664+0.0057214i
-0.0095752-0.006813i,-0.00681-0.0045059i,-0.00484-0.0083722i,-0.006289-0.01056i,-0.017312-0.01908i,-0.017636-0.0032589i,-0.0063485-0.015469i,-0.0010947-0.01386i,-0.010217-0.0063149i,0.003604+4.8799e-05i,0.0027065+0.00060851i,0.0023913-0.0014685i,0.0026881-0.0031916i,0.0040603-0.0025253i,0.0013405-0.0027556i,0.0043484-0.0014166i,0.0010365+0.0010636i,-0.0017189+0.0033856i,-0.00093541+0.0021134i,0.0013458+0.0025988i,0.00014018+0.0036246i,0.00033261+0.0028016i,0.002006+0.0021812i,-0.0015332+0.0025055i,0.0011164-0.0024777i,-0.00052483-0.002553i,4.09e-05-0.003946i,0.0015888-0.0027372i,0.0020735-0.0022358i,-0.00023837-0.0036063i,-3.2191e-05-0.00092076i,0.0015287-0.00087939i,0.00067344-0.00052335i,0.0004148-0.00073967i,0.00078266-0.00080322i,0.0044194-0.0051512i,0.00099967-0.002413i,0.0011874-0.0021917i,0.0011162-0.0028356i,0.00075294+0.00062943i,-0.0013425+0.0017216i,-0.0008145+0.0016334i,0.002268-0.0005731i,0.0009566-0.0016832i,-0.018198-0.0060004i,-0.013205-0.00011849i,0.00022716-0.014372i,-0.001635-0.006936i,-0.025992-0.027346i,-0.00058282-0.010925i,-0.00080894-0.0027792i,-0.0078221+0.0083342i,0.0087213-0.017896i,-0.013912-0.012531i,-0.0021361-0.0071602i,-0.0043796-0.0013277i,0.0011215-0.0045115i,0.0037562+0.00040619i,0.0024225+0.0057111i,-0.0056819+0.010905i,-0.0049148-6.2643e-05i,0.0042731+0.0066728i,-0.0043507+0.002201i,0.0015931+0.0050386i,0.00018212+0.004564i,-0.0011113+0.00057602i,0.0058847-0.0032768i,-0.005447+0.0028535i,0.00063102-0.00085308i,-0.002277+0.0014298i,0.0023426-0.00069277i,0.0029505-0.0026018i,-0.00063585-0.00035527i,0.0011669-0.00088325i,-0.0059728-0.0039256i,0.0014927-0.0090046i,-0.00011637-0.0019041i,0.00058415-0.0026452i,-0.0004261-0.0020414i,0.005099-0.0064431i,-0.0047603-0.0010196i,-0.00059453-0.0072923i,0.0011916-0.0030725i,-0.0020604-0.0027896i,0.0012911-0.0033007i,0.0046186-0.00026165i,0.0012674-0.0025634i,0.0033792+0.0063165i,-0.00013958+0.0016778i,-0.011995-0.017873i,-0.025061+0.0064485i,-0.022158+0.024408i,-0.0052588+0.011344i,0.00094749+0.0053932i,0.0038549-0.0066061i,-0.01545+0.0087494i
-0.010368-0.0052669i,-0.0069011-0.0040976i,-0.0057466-0.007569i,-0.0074746-0.0088012i,-0.021024-0.015716i,-0.017246-0.00062792i,-0.0093376-0.014942i,-0.003427-0.013165i,-0.01108-0.004403i,0.003253-0.00091225i,0.0027008-0.00040903i,0.0018679-0.0017807i,0.0014594-0.0033185i,0.0032905-0.0032284i,0.00056818-0.003114i,0.0038471-0.0019985i,0.0015343+0.00040954i,-0.00057274+0.0034182i,-0.00035438+0.0023757i,0.0020142+0.0018828i,0.00131+0.0032728i,0.001279+0.0024037i,0.0025518+0.0014675i,0.0006071+0.0021702i,0.00047143-0.0025545i,-0.001194-0.0022842i,-0.0013745-0.0034871i,0.00054315-0.0031226i,0.001126-0.0025664i,-0.0014249-0.0032506i,-0.00043133-0.0009362i,0.0010804-0.0016027i,0.00046233-0.0009387i,0.00013404-0.0009025i,0.00072748-0.0014337i,0.0024528-0.0056739i,0.00011439-0.0024603i,0.00032171-0.0025762i,0.00014376-0.0029759i,0.0011166-5.062e-05i,-0.00064701+0.0020584i,-0.00033842+0.0017962i,0.0019796-0.0005841i,0.00069123-0.0020516i,-0.01867-0.0034368i,-0.010836+0.001973i,-0.00022869-0.014358i,-0.0020759-0.0084476i,-0.028189-0.019883i,0.00047502-0.011549i,-7.9036e-05-0.0038784i,-0.0054415+0.0071309i,0.003721-0.020367i,-0.013697-0.011399i,-0.0046377-0.0050398i,-0.0059777+0.0013794i,-0.0019126-0.0053892i,0.0026204-0.00067763i,0.0028353+0.0049062i,-0.0022214+0.011537i,-0.0036191+0.0015934i,0.0047018+0.0050085i,-0.0032875+0.0043661i,0.0036309+0.0045583i,0.0017308+0.0041111i,-0.0013792+0.0012965i,0.0049259-0.005517i,-0.0035294+0.0040473i,0.00068023-0.001173i,-0.00045448+0.0022312i,0.0017342-0.0016945i,0.00048602-0.0019758i,-0.00019816-0.00018642i,0.0012983-0.0015788i,-0.0059272-0.0014676i,-0.0013807-0.0086023i,-0.00051084-0.0022111i,-0.0010256-0.0029349i,-0.00084401-0.001743i,0.0030253-0.0080359i,-0.0042931+0.0012774i,-0.0027864-0.0062195i,0.00012927-0.0036705i,-0.002318-0.0021089i,0.00082485-0.0027506i,0.0035672-0.0017192i,0.0013527-0.0026125i,0.0025214+0.0028467i,-0.00032142+0.0026835i,-0.013761-0.016409i,-0.0223+0.010424i,-0.016031+0.028271i,-0.0050995+0.010067i,0.0027194+0.006265i,0.0010794-0.0046608i,-0.013644+0.0115i
-0.010757-0.003686i,-0.0073302-0.0036673i,-0.0065857-0.0070074i,-0.00808-0.007383i,-0.023956-0.011111i,-0.016524+0.0017165i,-0.012464-0.013566i,-0.0052936-0.011955i,-0.011332-0.0022033i,0.0025081-0.0014924i,0.0019818-0.0011296i,0.001382-0.0021174i,0.000639-0.0030773i,0.0023524-0.0039973i,-0.00031639-0.0030236i,0.0035718-0.0025351i,0.0013438-0.00035171i,0.00015132+0.0032777i,0.00054651+0.002559i,0.0023105+0.00099162i,0.0022071+0.0024375i,0.0018895+0.0016954i,0.0027143+0.00063392i,0.002058+0.0009485i,-0.00019715-0.002682i,-0.0019523-0.0018634i,-0.0024758-0.0026338i,-0.0007015-0.0031079i,0.00021723-0.0026995i,-0.0025185-0.0024737i,-0.00084674-0.00087374i,0.00025653-0.0019001i,-2.2567e-05-0.0011488i,-0.00016235-0.0010049i,6.5358e-05-0.0022293i,0.00084338-0.005725i,-0.00064186-0.0022467i,-0.00063786-0.0025234i,-0.00077483-0.0027548i,0.0011115-0.00092487i,0.00011445+0.0020351i,0.00015804+0.0018884i,0.0017598-0.00051639i,0.00010939-0.0019671i,-0.018306-0.00092728i,-0.0079616+0.0016883i,-0.00024523-0.014634i,-0.0028086-0.0092322i,-0.027194-0.012952i,0.0007584-0.013645i,6.2242e-05-0.0053494i,-0.0032731+0.004821i,-0.00061794-0.021575i,-0.012457-0.011211i,-0.0052159-0.0022287i,-0.0060814+0.0045956i,-0.0055663-0.0047683i,0.0015973-0.0010169i,0.0033156+0.0046726i,0.00085052+0.011704i,-0.0023347+0.0026824i,0.0044774+0.002628i,-0.0002783+0.0057151i,0.0055088+0.0030965i,0.0032399+0.0031524i,-0.00094479+0.0021705i,0.0034824-0.0074064i,-0.002071+0.0040655i,0.00044602-0.0017819i,0.00072214+0.0013079i,0.00078186-0.0023268i,-0.00050909-0.0052784i,8.9195e-06+0.00031779i,0.00099701-0.0024646i,-0.0047975+0.00095664i,-0.00392-0.0075054i,-0.0010209-0.0025148i,-0.0023224-0.0026676i,-0.0014663-0.0020111i,0.00021972-0.0090241i,-0.0025746+0.002847i,-0.0036738-0.0045585i,-0.0013195-0.0038282i,-0.0024296-0.0010132i,0.00017324-0.0027625i,0.0024564-0.0019122i,0.0012954-0.0031815i,0.00077091+0.0026145i,0.0002932+0.0039074i,-0.014785-0.01602i,-0.019117+0.012005i,-0.0090515+0.028606i,-0.0046764+0.010311i,0.0028392+0.0090771i,0.00020775-0.0019915i,-0.01095+0.013123i
-0.010682-0.0019994i,-0.0078094-0.0027755i,-0.0075602-0.0062672i,-0.0087014-0.0063217i,-0.025044-0.0061111i,-0.015563+0.0037435i,-0.015032-0.011021i,-0.0065646-0.010755i,-0.010754-0.00017221i,0.0017241-0.001441i,0.0013348-0.0010697i,0.00078475-0.0022739i,-6.1392e-05-0.0028241i,0.00076777-0.0041468i,-0.0009195-0.0025335i,0.0031689-0.0033183i,0.00096195-0.00051261i,0.001089+0.0031697i,0.0014141+0.0021688i,0.0021351+0.00015753i,0.002596+0.0014552i,0.0022359+0.00084657i,0.0028314-3.5589e-05i,0.0021404-0.00034932i,-0.0010488-0.0027699i,-0.0025642-0.0010768i,-0.0031537-0.0013529i,-0.0017292-0.0025464i,-0.00063051-0.002554i,-0.0031995-0.0013264i,-0.0013092-0.00049171i,-0.00065711-0.0018501i,-0.00054885-0.0012223i,-0.00053484-0.00095057i,-0.0012792-0.0022876i,-0.00053741-0.0054236i,-0.0014261-0.0019331i,-0.0014942-0.0021806i,-0.0015829-0.0023884i,0.00050649-0.0017439i,0.00065927+0.0017055i,0.00077814+0.0018622i,0.0015846-0.00060039i,-0.00017142-0.0017754i,-0.017195+0.0010704i,-0.0064943-1.798e-05i,-0.00040406-0.015973i,-0.0028471-0.010605i,-0.023839-0.0075334i,-0.00021085-0.01602i,-0.00035534-0.0065127i,-0.0026658+0.0024211i,-0.0054399-0.020653i,-0.011641-0.011778i,-0.0044191-0.00068789i,-0.0043932+0.0081851i,-0.0089791-0.002131i,0.00097711-0.0011523i,0.0040706+0.0042103i,0.0041869+0.011353i,-0.00061959+0.0029408i,0.0025099+0.0017565i,0.0027065+0.0040677i,0.0067605+0.00069946i,0.0042245+0.0015557i,0.00010955+0.003013i,0.00066669-0.009618i,-0.0012798+0.0045168i,-7.6398e-05-0.0021367i,0.00051499+0.00078639i,-0.00028667-0.002338i,-7.0979e-05-0.0035997i,0.0014954+0.00065853i,1.618e-05-0.0033946i,-0.002597+0.0020503i,-0.0062663-0.0056831i,-0.001823-0.0026521i,-0.0035027-0.0018875i,-0.0021988-0.0016326i,-0.0026602-0.0091506i,-0.0004153+0.002966i,-0.0040041-0.0033877i,-0.0021853-0.0034122i,-0.0025697-9.844e-05i,-0.0010454-0.002302i,0.0017636-0.0018896i,0.00045936-0.003952i,-0.00013228+0.0035595i,0.0013694+0.0040811i,-0.018314-0.016065i,-0.018886+0.012383i,-0.0044408+0.025803i,-0.0032467+0.010162i,0.015818+0.00455i,0.001087+0.0001502i,-0.0076437+0.013364i
-0.010041-0.00054757i,-0.0079225-0.0016674i,-0.0083562-0.0052607i,-0.0093523-0.0049813i,-0.025181-0.0016446i,-0.014428+0.005448i,-0.016546-0.0083224i,-0.0075847-0.0097606i,-0.0094866+0.0013531i,0.0017423-0.0010254i,0.0011944-0.00076687i,0.00028847-0.0021689i,-0.0006433-0.0023469i,-0.00023103-0.0035314i,-0.0012051-0.0022733i,0.0020257-0.0038314i,0.00079897-0.00059618i,0.001992+0.0026937i,0.0019748+0.0014548i,0.0018387-0.00031894i,0.0025858+0.00045816i,0.0021365-0.00011256i,0.0027475-0.00090731i,0.0017503-0.0012244i,-0.0021848-0.002326i,-0.0029624-5.1028e-05i,-0.0031725+6.239e-06i,-0.0024529-0.0017405i,-0.0013915-0.0021209i,-0.0034218-0.00011436i,-0.0014985+0.00016689i,-0.001513-0.0012962i,-0.0013406-0.00097743i,-0.00081317-0.00080221i,-0.0022057-0.0014743i,-0.0018795-0.0048668i,-0.0020582-0.001142i,-0.0022591-0.0015145i,-0.0023573-0.0016953i,-0.00074817-0.0020946i,0.001023+0.0014146i,0.0014858+0.0015746i,0.0014127-0.00074494i,-0.00035991-0.0017428i,-0.01593+0.0022593i,-0.0067407-0.0016322i,-0.0015808-0.017732i,-0.0046618-0.012578i,-0.019185-0.0060531i,-0.0025678-0.017744i,-0.0010641-0.0070803i,-0.0023394+0.00099609i,-0.0080152-0.017385i,-0.011834-0.013066i,-0.0036931+0.00038955i,-0.00041779+0.010448i,-0.010827+0.0021924i,0.00016924-0.0011863i,0.0046904+0.0037178i,0.0066838+0.0096943i,0.00053645+0.0023488i,0.001549+0.0020651i,0.0030538+0.0019678i,0.0062723-0.0024245i,0.0045578-0.00046637i,0.0020167+0.0031407i,-0.0044437-0.0087721i,-0.00015111+0.0054005i,-0.0012463-0.0026209i,0.0011384+0.00086871i,-0.0011011-0.0018604i,-0.00071997-0.0030086i,0.0032729-0.0017939i,-0.00066261-0.0036884i,-9.4341e-05+0.0013513i,-0.0075897-0.0030459i,-0.0028843-0.0023964i,-0.0048022-0.00073589i,-0.0026499-0.00088223i,-0.0056712-0.0083592i,0.001327+0.0018869i,-0.0045512-0.0026813i,-0.0030911-0.0027222i,-0.0019741+0.0013174i,-0.0011649-0.00080625i,0.0013456-0.0016561i,-0.00070558-0.0042144i,-0.00032966+0.0047931i,0.0024223+0.0038544i,-0.021955-0.012308i,-0.018624+0.014633i,-0.002541+0.023149i,-0.0020708+0.0090908i,0.011203+0.00071497i,0.0025742+0.00080055i,-0.0047554+0.012262i
-0.0089494+0.00024242i,-0.0075667-0.00054355i,-0.0088573-0.0042091i,-0.0096711-0.0036179i,-0.024474+0.0028025i,-0.013287+0.0069481i,-0.017582-0.0057557i,-0.0086725-0.0088027i,-0.0079257+0.0019729i,0.0022423-0.0011709i,0.0013685-0.00059278i,-0.00015615-0.0019346i,-0.00083866-0.001802i,-0.00066688-0.0029416i,-0.0015627-0.002034i,0.0012732-0.0037649i,0.00038336-0.0004881i,0.0027021+0.0019448i,0.0020909+0.00072465i,0.0016249-0.00060632i,0.0022172-0.00025626i,0.0015183-0.0006792i,0.0022057-0.0014815i,0.0011371-0.0017031i,-0.0028401-0.0014191i,-0.0029+0.0010691i,-0.0027258+0.0011059i,-0.0029089-0.00074926i,-0.0019111-0.001482i,-0.0032302+0.0010995i,-0.0013107+0.00075908i,-0.0019529-0.00029855i,-0.001811-0.00021885i,-0.0010715-0.00057155i,-0.0024936-0.00056586i,-0.0027018-0.0037682i,-0.002056-0.00027151i,-0.0027136-0.00055465i,-0.0027307-0.00071356i,-0.0020457-0.001631i,0.0014577+0.0010835i,0.0019723+0.00096331i,0.0015173-0.00064152i,-0.00071559-0.00138i,-0.015365+0.0028279i,-0.0073625-0.0020831i,-0.0035128-0.018767i,-0.0074268-0.013332i,-0.016678-0.007495i,-0.0053587-0.018621i,-0.0012109-0.0072216i,-0.0016345-0.00082071i,-0.0078662-0.014994i,-0.012304-0.014001i,-0.0033463+0.00049639i,0.0039382+0.010033i,-0.0097532+0.0074454i,-0.00047233-0.00098376i,0.0055268+0.0030975i,0.0082946+0.007793i,0.0011124+0.001768i,0.0010288+0.0027623i,0.002771+0.0010484i,0.0039488-0.0044256i,0.0035388-0.0022367i,0.0035937+0.0018318i,-0.0065645-0.0050713i,0.002115+0.0055111i,-0.0026071-0.0019077i,0.0016661-9.3958e-05i,-0.001628-0.001253i,-0.0012757-0.0026782i,0.0019985-0.0047661i,-0.00058785-0.0019491i,0.00057925-0.00018837i,-0.0078713-0.00051774i,-0.003964-0.0015525i,-0.0051015+0.0013528i,-0.0030376-0.00020954i,-0.0086006-0.0059731i,0.0015719+7.1021e-05i,-0.0052879-0.0019578i,-0.003734-0.0014329i,-0.00079633+0.0017033i,-0.00093904-0.00080196i,0.0013405-0.0012516i,-0.0020175-0.0040056i,0.00011134+0.0062581i,0.0030159+0.0032826i,-0.0226-0.00831i,-0.017661+0.017274i,-0.0016297+0.021629i,-0.0018287+0.0072772i,0.0096873-0.0017042i,0.0038021+0.00091058i,-0.0035289+0.010335i
-0.0083362+0.00054585i,-0.0068842+0.00020026i,-0.0093229-0.0030384i,-0.0097069-0.0023161i,-0.02295+0.0067263i,-0.012105+0.0082982i,-0.018287-0.0031393i,-0.0097034-0.0076344i,-0.0066804+0.0019292i,0.0025118-0.0021682i,0.001769-0.00072818i,-0.00037324-0.0016856i,-0.00082331-0.0014454i,-0.0010156-0.0025803i,-0.0020289-0.0015967i,0.00084576-0.003725i,0.00048169-0.00019787i,0.0031476+0.0011044i,0.0020766+0.00015438i,0.0014804-0.00090823i,0.0017819-0.00054271i,0.0010987-0.00081589i,0.001669-0.0018679i,0.0006174-0.0018612i,-0.0031508-0.00034645i,-0.0023825+0.0020661i,-0.0021329+0.0018186i,-0.0029116+0.00036127i,-0.0022077-0.00070005i,-0.002686+0.00217i,-0.00098546+0.0011778i,-0.001642+0.00070393i,-0.0016721+0.00079379i,-0.0013389-0.00019848i,-0.0027258+0.00030802i,-0.0031064-0.0026972i,-0.0018957+0.00031102i,-0.0027434+0.0004676i,-0.0026848+0.00028743i,-0.0028184-0.00062701i,0.0015924+0.00053398i,0.0021056+0.00018605i,0.0017059-0.0010096i,-0.00070672-0.00087679i,-0.015098+0.003625i,-0.0081638-0.0020993i,-0.0058505-0.01919i,-0.010492-0.012981i,-0.016722-0.0084387i,-0.0083771-0.019007i,-0.00071332-0.0086345i,-0.0016902-0.0031817i,-0.0074892-0.014512i,-0.013888-0.015433i,-0.0038077+0.00059005i,0.0072712+0.0080886i,-0.005169+0.011374i,-0.00074384-0.00071031i,0.0063812+0.0021188i,0.010149+0.0059209i,0.0014501+0.0011941i,0.0012376+0.0037881i,0.0028757+0.00026346i,0.0017132-0.00445i,0.0021877-0.0030996i,0.0040151+5.2678e-05i,-0.0068297-0.0017629i,0.0042192+0.0042957i,-0.0028044-0.00088251i,0.00088521-0.001078i,-0.0016921-0.00049612i,-0.0020487-0.0023353i,-0.00052607-0.0059012i,-0.0022674-0.0010847i,-0.00039953-0.0013404i,-0.007438+0.002035i,-0.0045845-0.00010328i,-0.0042476+0.0029522i,-0.0033968+0.00068981i,-0.0098932-0.0024364i,0.00076853-0.0011407i,-0.0060208-0.00083545i,-0.0035693-1.5612e-05i,0.00013207+0.001501i,-0.0013877-9.9171e-05i,0.0019205-0.0012555i,-0.0034224-0.0029994i,0.0024621+0.0078987i,0.0031343+0.0033738i,-0.022577-0.0048902i,-0.016353+0.02049i,-0.00063925+0.020445i,-0.0027591+0.0061174i,0.0071331-0.0030176i,0.0053532-7.8896e-06i,-0.003843+0.0087246i
-0.0079759+0.00080658i,-0.0060291+0.00045539i,-0.0095395-0.0017611i,-0.0095037-0.001238i,-0.021063+0.0097826i,-0.010764+0.0097481i,-0.018582-0.00037691i,-0.010496-0.0062667i,-0.0058538+0.0012444i,0.0019277-0.0030372i,0.002129-0.0014362i,-0.00049654-0.0014014i,-0.00080925-0.0011273i,-0.0012967-0.0022307i,-0.0022905-0.00097187i,0.00024523-0.0039463i,0.00091929-0.00012612i,0.0034482+0.00011559i,0.0019449-0.00037652i,0.0013217-0.0011381i,0.0016648-0.00065815i,0.00090673-0.00083646i,0.0012429-0.0021615i,0.00035426-0.0018839i,-0.0030132+0.00074421i,-0.0014754+0.002779i,-0.0014341+0.0024091i,-0.0023848+0.0014064i,-0.0021956+0.00013077i,-0.0018139+0.0030377i,-0.00046018+0.0015243i,-0.0010112+0.0011998i,-0.001152+0.0014062i,-0.0014718+0.00035683i,-0.0025376+0.0014351i,-0.00321-0.0015879i,-0.0017216+0.00084434i,-0.002423+0.0013923i,-0.0022347+0.0010472i,-0.003168+0.00089127i,0.0017313+0.00014995i,0.0020398-0.00034203i,0.0015524-0.0018104i,-0.00057518-0.00062907i,-0.014984+0.0048334i,-0.0086691-0.0013051i,-0.0081207-0.019105i,-0.013284-0.011447i,-0.017922-0.0083542i,-0.012064-0.018114i,-0.0011019-0.010408i,-0.0021024-0.0050525i,-0.0074113-0.014207i,-0.016887-0.015815i,-0.0047407+0.0016629i,0.0094542+0.0049422i,-0.0007371+0.012593i,-0.00098694-0.00053421i,0.0069495+0.0009942i,0.011142+0.0032388i,0.0015573+0.00038538i,0.002607+0.0044047i,0.0024749-0.00047852i,0.00064325-0.0038477i,0.00061247-0.0032618i,0.0034727-0.0013596i,-0.0056569+0.00033805i,0.0056009+0.0023115i,-0.0025902-0.00045513i,-0.00032371-0.00068642i,-0.0014257-2.3691e-05i,-0.0025619-0.0015008i,-0.0029695-0.0060898i,-0.0028959-0.0004374i,-0.0020548-0.0017076i,-0.0063082+0.0042357i,-0.0045442+0.001761i,-0.0036235+0.004039i,-0.0027375+0.0018352i,-0.009615+0.00095268i,-0.00027555-0.0016178i,-0.0066892+0.00079596i,-0.0029464+0.0014386i,6.349e-05+0.00056359i,-0.00067473+0.00058801i,0.0023057-0.0019938i,-0.0043127-0.0017189i,0.0054376+0.0074933i,0.0043084+0.0030707i,-0.021029-0.0013117i,-0.014151+0.024948i,0.00074166+0.020317i,-0.0041277+0.0059115i,0.0052699-0.0023341i,0.0058614-0.002529i,-0.0046919+0.0083779i
-0.0076175+0.0010746i,-0.005584-2.8786e-05i,-0.0095222-0.00053996i,-0.0093198-0.00026834i,-0.019054+0.012986i,-0.0089232+0.010864i,-0.018398+0.0024191i,-0.010878-0.0046785i,-0.0059703+0.00044528i,0.0013698-0.0035143i,0.0018005-0.0024424i,-0.0004607-0.0011659i,-0.00064623-0.00090712i,-0.0014339-0.0020481i,-0.0023103-0.00040294i,-0.00047489-0.0041695i,0.0013711-0.00057429i,0.0033102-0.00090426i,0.0017842-0.00086067i,0.0012655-0.0014205i,0.0016319-0.00091743i,0.00072022-0.00092026i,0.00061348-0.0023909i,0.00025285-0.0024506i,-0.0025645+0.0016474i,-0.00038268+0.0030916i,-0.00060579+0.0027059i,-0.0015956+0.0020544i,-0.0019186+0.00082472i,-0.00057193+0.0036665i,0.00022466+0.0016149i,-0.00032239+0.0014588i,-0.00045611+0.0019162i,-0.001332+0.00095323i,-0.0017123+0.0023327i,-0.0028522-0.0006041i,-0.0012603+0.001389i,-0.0017502+0.0022173i,-0.0016799+0.0015146i,-0.0023222+0.0025118i,0.0018391-0.00025852i,0.0019151-0.00093779i,0.00035733-0.0025364i,-0.00044628-0.00053785i,-0.014864+0.006368i,-0.0080929-0.00044189i,-0.010423-0.018644i,-0.015668-0.0085243i,-0.018506-0.0071195i,-0.015408-0.01549i,-0.0023772-0.012222i,-0.0028852-0.0074582i,-0.0074649-0.01476i,-0.020127-0.01423i,-0.0048371+0.0040112i,0.01006+0.0011284i,0.0034443+0.012314i,-0.0013325-0.00037687i,0.0075259-0.00036064i,0.011611-0.00014877i,0.0012405+1.3781e-05i,0.0048203+0.0038687i,0.0019403-0.00040584i,-0.0001139-0.0036215i,-0.00047629-0.0027379i,0.0028148-0.0023742i,-0.0048418+0.0011395i,0.0060004-0.00026035i,0.00037777-0.0035315i,-5.2571e-05+0.00058366i,-0.0012267+0.00026198i,-0.0027413-0.0010362i,-0.0056681-0.0050126i,-0.0030493+0.00031498i,-0.0029729-0.00078052i,-0.0041513+0.0058882i,-0.0034096+0.0033203i,-0.0023665+0.0055228i,-0.001823+0.0021818i,-0.0082897+0.0038133i,-0.001522-0.0014753i,-0.0066485+0.0032277i,-0.0022116+0.0024083i,0.001143-0.0030212i,0.00013518+0.00035905i,0.0019804-0.0028843i,-0.0049533+2.0322e-05i,0.0078257+0.0051462i,0.0055929+0.0018243i,-0.019232+0.0012043i,-0.0088196+0.028312i,0.0033589+0.01878i,-0.0054076+0.0064491i,0.0046879-0.0017544i,0.0042015-0.004724i,-0.0052056+0.0090166i
-0.007264+0.0010822i,-0.0060306-0.00048982i,-0.0092448+0.00062771i,-0.0089887+0.00073989i,-0.016134+0.015721i,-0.0069354+0.011567i,-0.017551+0.0050423i,-0.010815-0.0034504i,-0.0067398+0.00019626i,0.00052049-0.0040567i,0.00091541-0.0031798i,-0.0003582-0.0011687i,-0.00044601-0.0008245i,-0.0019191-0.0019282i,-0.0023432+0.00018563i,-0.001348-0.0043395i,0.0013849-0.0013715i,0.0030552-0.0018828i,0.0014101-0.0012945i,0.0011085-0.0018643i,0.001574-0.0012367i,0.00058418-0.00095682i,-4.4887e-05-0.0024712i,-0.00051958-0.0029981i,-0.0018837+0.0022604i,0.00073912+0.002946i,0.00026611+0.0027955i,-0.00075704+0.0023322i,-0.0014056+0.0013194i,0.00089162+0.0037278i,0.00096982+0.0013753i,0.00041795+0.0013911i,0.00047034+0.0019448i,-0.0009278+0.0014911i,-0.00086757+0.0027485i,-0.0024379-0.00013583i,-0.00060251+0.0015246i,-0.00068009+0.0026752i,-0.0011385+0.0018268i,-0.00056327+0.0029429i,0.0019061-0.00084196i,0.001597-0.0015514i,-0.00070072-0.0018194i,-0.0004504-0.00058854i,-0.014321+0.008081i,-0.0070311-0.0005406i,-0.012809-0.017215i,-0.016218-0.0048109i,-0.018265-0.005333i,-0.016644-0.011484i,-0.004526-0.013872i,-0.004781-0.010307i,-0.0084817-0.015731i,-0.02213-0.011143i,-0.0032209+0.0055752i,0.008874-0.0024299i,0.0073501+0.010318i,-0.0017588-0.00031995i,0.0076593-0.0026853i,0.011682-0.0034459i,0.0007041-7.3776e-05i,0.0062471+0.0021749i,0.00217-7.5879e-05i,-0.00099223-0.0030522i,-0.0010981-0.0019617i,0.001967-0.0029886i,-0.0042317+0.0023582i,0.0055711-0.0026807i,2.6776e-05-0.0034444i,0.0013112+0.00021761i,-0.00084668+0.00046035i,-0.0031201-0.00032779i,-0.0077301-0.001876i,-0.0029699+0.0011203i,-0.0029718+0.00078273i,-0.0014699+0.0064203i,-0.0019443+0.0039582i,0.00012292+0.0055942i,-0.0012801+0.0022914i,-0.006337+0.0056441i,-0.0027006-0.00043071i,-0.0047733+0.0055936i,-0.0010598+0.0029969i,0.00087869-0.0032578i,0.0002879+0.00010489i,0.0010211-0.0033082i,-0.004205+0.0024628i,0.008502+0.0018963i,0.0060191+1.1159e-05i,-0.015637+0.0032628i,-0.0032158+0.030347i,0.0052128+0.016417i,-0.0062388+0.0081145i,0.0044221-0.0013877i,0.0021179-0.0050226i,-0.0049576+0.010253i
-0.0073032+0.0011013i,-0.0071144-0.0003732i,-0.0087706+0.0014966i,-0.0083917+0.0013889i,-0.01266+0.017398i,-0.0050049+0.011898i,-0.016446+0.0073121i,-0.010809-0.0025312i,-0.0075673+0.000725i,-0.00073232-0.0042961i,-0.00041674-0.0034425i,-0.00032635-0.0015713i,-0.00024877-0.00094081i,-0.002519-0.0015232i,-0.0021554+0.00089058i,-0.0024697-0.004184i,0.00085651-0.0021115i,0.0022071-0.0028361i,0.00098306-0.0015051i,0.00060968-0.0024125i,0.0013922-0.001712i,0.00050465-0.0010729i,-0.00062956-0.0023762i,-0.0015514-0.0032588i,-0.0011608+0.0028012i,0.0016995+0.0024481i,0.001086+0.0025029i,5.8529e-05+0.0023157i,-0.00092872+0.0015366i,0.0022681+0.0031261i,0.0015951+0.00080788i,0.00095277+0.0010117i,0.0012054+0.0015095i,-0.00032536+0.0017687i,9.2493e-05+0.0030395i,-0.0022851+8.9102e-05i,-0.00027213+0.0015189i,0.00039715+0.0026812i,-0.00055898+0.0020562i,0.00092595+0.0022146i,0.0016761-0.0015567i,0.0011076-0.0021231i,-0.00074793-0.0014281i,-0.00059781-0.00058109i,-0.0131+0.0097119i,-0.0066504-0.0012736i,-0.014299-0.015489i,-0.015051-0.001408i,-0.017173-0.003906i,-0.015634-0.0080009i,-0.007728-0.014948i,-0.0083951-0.01257i,-0.010676-0.015895i,-0.022611-0.0077158i,-0.00076333+0.0060573i,0.0065112-0.0043655i,0.0091721+0.0066177i,-0.0023851+0.00030708i,0.0061525-0.004495i,0.0096898-0.0078278i,0.00062116+0.00042631i,0.0061617-0.00020322i,0.0029224-0.00035713i,-0.0013714-0.0023062i,-0.0012566-0.0012878i,0.001211-0.0030679i,-0.0025692+0.0036605i,0.0037707-0.0046072i,-0.0005703+0.0020508i,0.001022-0.0013994i,-0.00047597+0.00042803i,-0.0030631+0.0006187i,-0.0073019+0.0013306i,-0.0027638+0.0018234i,-0.0023067+0.0021195i,0.00063426+0.0055619i,-0.00054502+0.004163i,0.0017501+0.0050683i,-0.00049018+0.0024129i,-0.0040112+0.0067244i,-0.0026184+0.0013868i,-0.002212+0.0067435i,9.3654e-05+0.002822i,-0.00081781-0.0036752i,0.0006012+7.2241e-05i,0.00011911-0.0033024i,-0.0022495+0.0035016i,0.0078551-0.00096684i,0.0055307-0.001553i,-0.012003+0.0024819i,0.0033387+0.030715i,0.0059201+0.014069i,-0.0056714+0.0098292i,0.0051192-0.0011911i,0.0007719-0.0049746i,-0.0036937+0.010899i
-0.007386+0.0012838i,-0.0080872+0.00082392i,-0.0084869+0.0021589i,-0.0081387+0.0018965i,-0.0092205+0.01827i,-0.0029642+0.011844i,-0.014951+0.0095496i,-0.011016-0.0015718i,-0.0079915+0.0017908i,-0.0019299-0.0039391i,-0.0017072-0.0029121i,-0.00095903-0.0019421i,-0.00021151-0.0012087i,-0.0028484-0.00076804i,-0.0015889+0.0013614i,-0.0035676-0.0035608i,4.049e-05-0.0023098i,0.0012667-0.0033701i,0.00049791-0.0016879i,-0.00022087-0.0026942i,0.00099139-0.0021311i,0.00039147-0.0013097i,-0.0012156-0.0022061i,-0.0028831-0.0033248i,-0.00022654+0.0029096i,0.0024392+0.0016545i,0.0017434+0.0021658i,0.00072083+0.0020845i,-0.0005415+0.0016179i,0.0034298+0.0020452i,0.0019506+1.1383e-05i,0.0012003+0.00059093i,0.0015446+0.00087854i,0.00035969+0.0017977i,0.001345+0.0029814i,-0.0023584+0.00032304i,8.512e-05+0.0016219i,0.0013537+0.002267i,0.00010658+0.0021606i,0.0015387+0.00092302i,0.0012049-0.0021736i,0.00042814-0.0024706i,-0.0010705-0.0012395i,-0.00086188-0.00043185i,-0.011766+0.010995i,-0.0066616-0.0019389i,-0.015146-0.013632i,-0.012492+0.00076208i,-0.015763-0.0039962i,-0.013929-0.0058184i,-0.011238-0.014452i,-0.012777-0.012975i,-0.01265-0.014926i,-0.021794-0.004819i,0.0011206+0.0049979i,0.0042076-0.0052499i,0.0089467+0.0033879i,-0.002687+0.0011105i,0.0047909-0.0053117i,0.0060745-0.010032i,0.0010698+0.00050803i,0.0053151-0.0024333i,0.0036724-0.0012808i,-0.0012852-0.0018394i,-0.0014551-0.00085713i,0.00072659-0.0031784i,-0.00047882+0.0033817i,0.0014094-0.0054738i,0.0017904+0.001293i,-0.00014271-0.00067943i,-0.00037612+0.0001716i,-0.0027093+0.0013602i,-0.0058167+0.0036522i,-0.0023739+0.0024395i,-0.00096228+0.0026782i,0.0015966+0.0046964i,0.00093658+0.0037035i,0.0035207+0.004025i,0.00039359+0.0020963i,-0.0017074+0.0066457i,-0.0014476+0.0023775i,0.00051543+0.006682i,0.00090578+0.0024362i,-0.0027743-0.0029033i,0.00073618-0.00038339i,-0.00061386-0.0028806i,-0.00034402+0.0031985i,0.0060997-0.0032882i,0.0047859-0.0029106i,-0.010307+0.00056742i,0.010239+0.028352i,0.0059981+0.012231i,-0.0047526+0.010827i,0.0055672-0.0017705i,-0.00092791-0.0046862i,-0.0022231+0.010891i
-0.0074669+0.0016232i,-0.0082278+0.0025726i,-0.0081068+0.0030406i,-0.0078873+0.0025581i,-0.0058999+0.018365i,-0.001074+0.011115i,-0.012846+0.011357i,-0.011119-0.00038906i,-0.0078709+0.0030348i,-0.0029848-0.0032509i,-0.0025268-0.001961i,-0.0018244-0.0017101i,-0.00042275-0.0015688i,-0.0029442-3.872e-05i,-0.0010489+0.0014484i,-0.0042011-0.0024485i,-0.00093977-0.0020156i,0.00016835-0.003622i,-8.9623e-05-0.0017056i,-0.0011609-0.002619i,0.00042451-0.0025233i,0.00012271-0.0016797i,-0.0019022-0.0018369i,-0.0042548-0.0031257i,0.00053293+0.0029615i,0.0026998+0.00067646i,0.0025928+0.0015569i,0.0011352+0.0017352i,-0.0001893+0.001801i,0.004008+0.00039916i,0.0019352-0.00096727i,0.0014821+0.00023117i,0.0016462+0.00042564i,0.001073+0.0015953i,0.0025825+0.0023877i,-0.0025572+0.0007733i,0.00065129+0.0016246i,0.0020458+0.0016255i,0.00070095+0.0021063i,0.0013784-0.00033609i,0.00042461-0.0025006i,-0.00054741-0.0026601i,-0.0015146-0.00088087i,-0.0010089-6.008e-05i,-0.0104+0.012122i,-0.0069268-0.0026108i,-0.015631-0.012137i,-0.0095126+0.0013208i,-0.015031-0.004428i,-0.011503-0.004761i,-0.014321-0.012802i,-0.017137-0.011823i,-0.013898-0.013264i,-0.019935-0.0026665i,0.0014961+0.0029808i,0.0019613-0.0051943i,0.0082702+0.0010842i,-0.0027827+0.0018462i,0.0033043-0.006363i,0.0024652-0.011193i,0.0016905+0.0003343i,0.0033556-0.0039524i,0.0035836-0.0027944i,-0.0013389-0.0016712i,-0.0015929-0.00033403i,0.00014182-0.0032767i,0.00047592+0.0025747i,-0.00098266-0.0053427i,0.0025848+0.00044191i,0.0012446-0.00017941i,-0.00037714+3.8246e-05i,-0.0022239+0.0017474i,-0.0039541+0.0050941i,-0.0017538+0.0031426i,0.00016516+0.0024154i,0.0025533+0.0041121i,0.0019029+0.0025093i,0.0047909+0.0022386i,0.00055588+0.0014228i,0.00017126+0.00605i,-0.00054433+0.0022463i,0.0028118+0.0051115i,0.0016127+0.0019801i,-0.0039943-0.0013674i,0.00064059-0.00050562i,-0.0010094-0.0022121i,0.00068745+0.0022906i,0.0036441-0.0043808i,0.0033735-0.0040678i,-0.010077-0.0014566i,0.016115+0.023737i,0.0057439+0.010223i,-0.0035942+0.011539i,0.005863-0.0028407i,-0.0026884-0.0036788i,-0.0010194+0.010117i
-0.0075568+0.0019956i,-0.0074059+0.0042365i,-0.007491+0.0036629i,-0.0076071+0.003265i,-0.0030946+0.017511i,0.00022612+0.010181i,-0.010639+0.012392i,-0.01084+0.00073008i,-0.0070059+0.0039192i,-0.0036437-0.0021166i,-0.0029116-0.00075771i,-0.0023672-0.001067i,-0.00092785-0.001838i,-0.0029112+0.00060627i,-0.00078169+0.0013696i,-0.0042201-0.0012696i,-0.001614-0.0011489i,-0.001014-0.0035314i,-0.00056169-0.0013815i,-0.0019725-0.0021337i,-0.00038426-0.0027151i,-0.00050333-0.0020535i,-0.0023601-0.0013094i,-0.0050469-0.0027898i,0.0015498+0.0030297i,0.0026496-0.00015459i,0.0031834+0.0004297i,0.0014265+0.001469i,0.00040932+0.0020621i,0.0036847-0.0012064i,0.0014385-0.0020191i,0.0017116-0.0004795i,0.0018115-2.5186e-05i,0.0016352+0.0011056i,0.0035247+0.0011601i,-0.0025832+0.0013705i,0.0011249+0.0012779i,0.0024568+0.00076885i,0.0013304+0.0019535i,0.00035022-0.0013408i,-0.00036826-0.002698i,-0.0013906-0.0024086i,-0.0016382-0.00014465i,-0.0010143+0.00049212i,-0.0087618+0.013378i,-0.0078758-0.002864i,-0.016098-0.010465i,-0.0070907+0.00013367i,-0.014958-0.0053599i,-0.0090805-0.0056051i,-0.016799-0.010266i,-0.020788-0.0089521i,-0.014638-0.011673i,-0.017491-0.0023478i,-0.00011673+0.0017596i,0.000197-0.00433i,0.0073646-0.00047988i,-0.0026325+0.0027891i,0.0010374-0.006494i,-0.0010835-0.011422i,0.0019447-0.00031334i,0.00055534-0.0046581i,0.0023595-0.0043063i,-0.0017144-0.0011363i,-0.0016391+0.00026441i,-0.00065402-0.0031706i,0.0015094+0.0020181i,-0.0029659-0.0041783i,0.0047481+0.00011875i,0.0025909-0.0030164i,-0.00038245-0.00014874i,-0.0019644+0.0022507i,-0.0016025+0.0056088i,-0.0006699+0.003532i,0.00067756+0.001652i,0.0036691+0.0034976i,0.0018634+0.0012171i,0.0049067-0.00035137i,0.00042029+0.0010637i,0.0015396+0.0048842i,-4.0363e-05+0.0020235i,0.0040643+0.0030338i,0.0022454+0.001082i,-0.0042982+0.00035149i,0.00074239-0.00046021i,-0.0010282-0.0015569i,0.0011923+0.001512i,0.0014736-0.0042247i,0.0022169-0.0035625i,-0.010502-0.002753i,0.019929+0.017604i,0.0053486+0.0093302i,-0.0023546+0.012052i,0.0059913-0.0040767i,-0.0039488-0.0019629i,-0.00054431+0.0086826i
-0.0076559+0.0027501i,-0.0057866+0.0050976i,-0.0070416+0.0040587i,-0.0072266+0.0039527i,-0.0010412+0.016509i,0.0011821+0.0091121i,-0.0086292+0.012899i,-0.01057+0.001553i,-0.006134+0.0040389i,-0.0037422-0.0011661i,-0.002495+0.00050259i,-0.0025644-0.00040244i,-0.0016859-0.0018073i,-0.0028879+0.0013238i,-0.00051212+0.0014944i,-0.0038606-0.00040154i,-0.0017569-0.00013466i,-0.002154-0.0027561i,-0.00063774-0.0011288i,-0.0025392-0.0015228i,-0.0013022-0.0025384i,-0.0014649-0.002023i,-0.0027207-0.00065482i,-0.0053219-0.0018454i,0.0028706+0.002586i,0.0025226-0.00089218i,0.0031822-0.00099385i,0.0019673+0.001152i,0.0012075+0.0019656i,0.0029154-0.0024421i,0.00041132-0.0027304i,0.001406-0.0014475i,0.0020096-0.00075943i,0.0019779+0.0004638i,0.0038257-0.00052156i,-0.0024546+0.002357i,0.0013351+0.00089702i,0.0024093-0.0001174i,0.002006+0.0014193i,-0.0010064-0.0012023i,-0.0013914-0.0026785i,-0.002236-0.001969i,-0.0013776+0.00050921i,-0.00056128+0.0010068i,-0.0064098+0.014396i,-0.0083802-0.0021852i,-0.015824-0.0090529i,-0.0060042-0.0016264i,-0.016079-0.0060764i,-0.00865-0.0076973i,-0.018126-0.0071747i,-0.023198-0.0050018i,-0.014371-0.010106i,-0.016286-0.0032159i,-0.0019648+0.0030859i,-0.00086052-0.0030836i,0.0060546-0.0014984i,-0.00222+0.0036458i,-0.00070109-0.0051295i,-0.004967-0.010379i,0.0019329-0.0011702i,-0.0023243-0.0041817i,0.00084325-0.004928i,-0.0015089-0.00020385i,-0.001503+0.00093091i,-0.0013468-0.0030445i,0.0023386+0.00062308i,-0.0040706-0.0024129i,0.0047791-0.0050066i,-0.0008758-0.0036721i,-0.00071201-0.0004065i,-0.0013342+0.0027307i,0.00029483+0.004572i,0.00084343+0.0034265i,0.00066089+0.00079672i,0.004024+0.0019909i,0.0013765+0.00065155i,0.0037992-0.0015838i,0.00028021+0.00085513i,0.0022195+0.0037263i,0.0004721+0.0018224i,0.003689+0.00083297i,0.0022454+9.0145e-06i,-0.0037623+0.0019721i,0.0010887-0.00078774i,-0.00073902-0.0010236i,0.0012567+0.00073019i,-0.00044422-0.0029791i,0.00056965-0.0038685i,-0.011788-0.0037255i,0.021597+0.010496i,0.0050266+0.0080189i,-0.0012998+0.011975i,0.0047149-0.0057381i,-0.0044707+2.5768e-05i,-0.0015577+0.0077301i
-0.0074628+0.0034784i,-0.0043976+0.0048318i,-0.0067541+0.0045894i,-0.0067836+0.0048271i,0.00050543+0.01575i,0.0018782+0.0080737i,-0.0067227+0.013119i,-0.010531+0.0024834i,-0.005737+0.0037149i,-0.0037699-0.00029905i,-0.0015898+0.0010369i,-0.0027765+0.00013768i,-0.0024527-0.0012436i,-0.002675+0.0023416i,-0.00019046+0.0014967i,-0.003499+0.00015666i,-0.0012383+0.00088648i,-0.0023433-0.0017599i,-0.00078555-0.0012558i,-0.0029626-0.0008096i,-0.002136-0.0020066i,-0.0023938-0.0014264i,-0.002895+5.1935e-05i,-0.0052328-0.00026245i,0.0039042+0.0012907i,0.0021905-0.0018304i,0.0024621-0.002132i,0.0024463+0.00055816i,0.0018776+0.0015283i,0.0018473-0.0032001i,-0.00086456-0.0028167i,0.00067523-0.0020515i,0.0016655-0.0016066i,0.0021253-0.00027627i,0.0032239-0.0021577i,-0.0017524+0.003371i,0.0015437+0.00059925i,0.002196-0.00079775i,0.0023758+0.00063034i,-0.0017138-0.00010524i,-0.0023705-0.0021734i,-0.0030232-0.0010765i,-0.00094607+0.00082641i,4.5979e-05+0.0011374i,-0.0037746+0.014565i,-0.0080142-0.0017115i,-0.015492-0.0082835i,-0.0059062-0.0032638i,-0.0173-0.0060003i,-0.0098228-0.0091083i,-0.018425-0.0038718i,-0.023584-0.00019402i,-0.013505-0.0093893i,-0.016514-0.0038772i,-0.0021468+0.0053226i,-0.0010604-0.0022086i,0.0053148-0.0019365i,-0.0015898+0.004242i,-0.00081933-0.0039366i,-0.0085941-0.0081675i,0.0013407-0.0019321i,-0.0030516-0.003062i,-0.00052041-0.0051814i,-0.00062097+0.00028437i,-0.001034+0.0015925i,-0.0018404-0.0024345i,0.0019566-0.0010759i,-0.0042164-0.00033203i,0.0017581-0.0072643i,-0.0014153-0.0023184i,-0.0012837-0.00036429i,-0.00057648+0.002922i,0.00097672+0.0035869i,0.0066637+0.0043228i,0.00022234+2.0351e-05i,0.0040684+0.0014645i,0.0011326+0.00032779i,0.0031304-0.002719i,0.00015459+0.00081383i,0.0024439+0.0027883i,0.00085159+0.0012329i,0.0029279-0.00048467i,0.0019064-0.00080363i,-0.0023881+0.0029717i,0.0009156-0.0015379i,-1.7601e-05-0.00079387i,0.00089914+0.00013783i,-0.0013559-0.00098712i,-0.0005352-0.0028999i,-0.013685-0.0034549i,0.020903+0.003359i,0.0045904+0.0069292i,-0.00089644+0.012253i,0.0026202-0.0058813i,-0.0041615+0.0025398i,-0.0025214+0.0082685i
-0.0071928+0.0044555i,-0.0039756+0.0040794i,-0.0063054+0.0052199i,-0.0059242+0.0055871i,0.0020524+0.015044i,0.0022568+0.0070729i,-0.0051521+0.012992i,-0.010156+0.0037555i,-0.0057614+0.0034846i,-0.0038548+0.00040174i,-0.00086288+0.00091061i,-0.0030628+0.00095318i,-0.0029109-0.00039161i,-0.001799+0.0035116i,-8.6073e-06+0.0014912i,-0.0030976+0.00044441i,-0.00047985+0.001421i,-0.0025064-0.001351i,-0.0012867-0.0012759i,-0.0033104+5.5231e-05i,-0.0026356-0.0012424i,-0.002932-0.00035212i,-0.0028392+0.00071632i,-0.004779+0.0010583i,0.0040292-0.00018899i,0.0012823-0.0026469i,0.0014532-0.0027466i,0.0027461-0.0003171i,0.0023933+0.00095125i,0.00060171-0.0035087i,-0.0020334-0.0024607i,-0.0001093-0.002371i,0.00099156-0.0021977i,0.0019896-0.0011386i,0.0021182-0.0032587i,-0.00039122+0.0040495i,0.0017844+0.00022518i,0.0018158-0.0014315i,0.002442-0.00011927i,-0.0015052+0.0009789i,-0.0030378-0.0012563i,-0.0032979+0.00015549i,-0.00054378+0.00093448i,0.00042256+0.0011204i,-0.0014142+0.013854i,-0.007732-0.0020348i,-0.015383-0.007888i,-0.0065416-0.0047888i,-0.018084-0.0052241i,-0.011303-0.0093573i,-0.017913-0.0011185i,-0.022256+0.0034535i,-0.013018-0.0097392i,-0.016944-0.0037039i,-0.0009026+0.0072577i,-0.0012189-0.0017508i,0.0046248-0.0026766i,-0.00075537+0.0046472i,-0.00095243-0.0036566i,-0.01104-0.0043617i,0.00036707-0.0021958i,0.00026477-1.7654e-05i,0.0028854-0.0074965i,0.00010968+0.00014145i,-0.00012709+0.0019568i,-0.0020644-0.0017287i,0.00089054-0.0018606i,-0.0033297+0.0013878i,-0.00092987-0.006719i,-0.0012775-0.0021154i,-0.0017197+0.00019735i,0.00023603+0.002853i,0.0011389+0.0029433i,0.00024972+0.0033054i,-0.0008392-0.00061893i,0.0058903+0.00057835i,0.00061608+1.0788e-05i,0.0013771-0.0043393i,0.00022551+0.00073879i,0.0022241+0.0019691i,0.00071647+0.0006512i,0.0020032-0.0013106i,0.0012842-0.0013182i,-0.0011705+0.0029628i,0.00088794-0.0020343i,0.0016139-0.0029642i,0.00038453+6.9509e-05i,-0.00065473+0.0012303i,-0.00097729-0.0021076i,-0.014932-0.002401i,0.018159-0.0025915i,0.0038432+0.005612i,0.00040511+0.013095i,0.0012349-0.0051679i,-0.0026756+0.0044785i,-0.0028532+0.0093717i
-0.0062835+0.0053951i,-0.0043902+0.0039902i,-0.0057913+0.005798i,-0.0051202+0.0060464i,0.0036718+0.014458i,0.0023879+0.0062862i,-0.0039658+0.013012i,-0.0095163+0.0048078i,-0.0061317+0.0034777i,-0.00393+0.0013406i,-0.00052567+0.00064842i,-0.0029071+0.0019204i,-0.0029615+0.00065693i,-0.00030503+0.003931i,0.00025215+0.0015533i,-0.0030155+0.0005835i,0.00036079+0.0014141i,-0.0028734-0.00084981i,-0.0017413-0.00088738i,-0.0034345+0.001131i,-0.0028674-0.00043065i,-0.0028163+0.00078955i,-0.0026758+0.0013986i,-0.0043191+0.001894i,0.0036845-0.0014313i,0.00015457-0.0028955i,0.00041258-0.0029539i,0.0026572-0.0014139i,0.0027615+0.00020969i,-0.00060046-0.0033514i,-0.0031523-0.0014411i,-0.0012334-0.0024219i,0.00013745-0.0026387i,0.0015007-0.0019161i,0.00063959-0.0038733i,0.001287+0.0038128i,0.0019907-0.00041926i,0.0012404-0.0019401i,0.0024302-0.00087824i,-0.00058779+0.0015311i,-0.0034119-0.00030882i,-0.0029149+0.0012441i,-0.00022901+0.00096783i,0.0009564+0.0011354i,0.00066752+0.012557i,-0.0080007-0.002096i,-0.015457-0.0069359i,-0.0080124-0.0059156i,-0.018753-0.0046212i,-0.012638-0.0091091i,-0.016803+0.0013882i,-0.020382+0.0059852i,-0.013144-0.01024i,-0.017157-0.0030576i,0.0015379+0.0089279i,-0.0014609-0.001465i,0.0034839-0.0031788i,0.0002401+0.0050362i,-0.0014099-0.0031078i,-0.011295+0.00017945i,-0.00064427-0.0019446i,-0.00027564+0.0027869i,0.00026592-0.0029957i,0.00032447-0.0002967i,0.00066789+0.0017634i,-0.0018751-0.0011146i,3.1331e-05-0.0016798i,-0.0019167+0.0024208i,-0.0027588-0.0063236i,-0.0016745-0.0026041i,-0.0018672+0.00091606i,0.00075237+0.0026208i,0.0016395+0.0024682i,0.0010257+0.0021773i,-0.0022635-9.1827e-05i,0.0020383-0.0077045i,1.468e-05+0.0001873i,-0.0017894-0.0039838i,0.00027559+0.00058507i,0.0017375+0.0018054i,0.00037966+0.00061278i,0.00094953-0.0017005i,0.00096309-0.0016828i,-0.00026795+0.0028281i,2.8254e-05-0.0029669i,-0.0032949-0.0020397i,0.0003525+0.00060049i,0.0013537+0.0023498i,-0.0011562-0.0013985i,-0.015588-0.0012694i,0.013523-0.0075191i,0.0026963+0.0049738i,0.0024717+0.013438i,3.3136e-05-0.0040556i,-0.001032+0.0055585i,-0.0025577+0.010509i
-0.0049629+0.0057638i,-0.0045913+0.0046194i,-0.0051005+0.0064802i,-0.0041783+0.0065268i,0.0055507+0.013804i,0.0024685+0.0056895i,-0.0025821+0.01308i,-0.0086986+0.0057425i,-0.0066531+0.0040707i,-0.0047225+0.0026229i,-0.00029122+0.00035666i,-0.0025155+0.0028358i,-0.0025659+0.0017422i,0.00094603+0.0037002i,0.00059989+0.0015969i,-0.0031399+0.00090785i,0.0010049+0.00087234i,-0.0030665-0.00011874i,-0.0019798-0.00050588i,-0.0031128+0.0023563i,-0.00293+0.0004127i,-0.0023308+0.0016359i,-0.0023722+0.0022207i,-0.0040732+0.0024838i,0.0030739-0.0024513i,-0.00086769-0.0026417i,-0.00055572-0.0028206i,0.0020773-0.0024452i,0.0027895-0.0008188i,-0.0015997-0.0029115i,-0.0034925+0.000185i,-0.0024519-0.0018082i,-0.0010374-0.0027137i,0.00073266-0.0024998i,-0.00095403-0.0038801i,0.0025348+0.0027658i,0.0018822-0.0011394i,0.00051305-0.0021447i,0.0021642-0.0017198i,0.00029621+0.0013566i,-0.0035501+0.00075919i,-0.0024361+0.0021099i,2.0602e-05+0.00088029i,0.0015759+0.00077007i,0.0023287+0.010597i,-0.0079349-0.0022608i,-0.014753-0.0061314i,-0.0097226-0.0058792i,-0.019053-0.0038274i,-0.013898-0.0083951i,-0.015153+0.0032898i,-0.018646+0.0076746i,-0.01358-0.010508i,-0.017252-0.0024058i,0.0054235+0.0089811i,-0.0019966-0.0011059i,0.0020939-0.0032749i,0.0012678+0.0048702i,-0.0014232-0.0027099i,-0.010532+0.0040454i,-0.0012857-0.0013838i,9.5644e-05+0.0038431i,-0.0013366-0.0024017i,0.00028135-0.00038915i,0.0010921+0.0015198i,-0.0014242-0.00070749i,-0.00024819-0.0010568i,-0.00046364+0.0027198i,-0.0046599-0.0050277i,-0.0028205-0.0030335i,-0.0017101+0.0016071i,0.0014276+0.0022806i,0.001905+0.0015012i,0.0015244+0.0016108i,-0.0029572+0.0010218i,0.0013891-0.0028009i,-0.00012871+0.00059561i,-0.0031205-0.00069596i,-3.3127e-05+0.00051293i,0.0017188+0.0021025i,0.00048461+0.00064689i,-0.00017828-0.0016742i,0.00058989-0.0024056i,0.0005288+0.0022712i,-0.0015082-0.0030201i,-0.0022924+1.8571e-05i,0.0011557+0.0010568i,0.0032921+0.002295i,-0.00099948-0.00067736i,-0.015903-4.016e-05i,0.0072503-0.010272i,0.001245+0.0041738i,0.0047644+0.012661i,-0.00072331-0.0026095i,0.00056711+0.0057701i,-0.0015971+0.011661i
-0.0039619+0.0053103i,-0.0045128+0.005634i,-0.0042508+0.0071241i,-0.0030133+0.0068816i,0.0075175+0.012527i,0.0025394+0.0052201i,-0.0011261+0.012943i,-0.0077202+0.0066101i,-0.006874+0.005264i,-0.0015287+0.0045567i,-0.00059753+1.7959e-05i,-0.0017203+0.0037521i,-0.0017354+0.0025342i,0.0021392+0.0031927i,0.001053+0.001514i,-0.0032072+0.0015934i,0.0011445+0.00053559i,-0.0030248+0.00060269i,-0.0023599+8.8e-06i,-0.0022519+0.0035202i,-0.0027238+0.001209i,-0.0015889+0.0022386i,-0.0016528+0.003002i,-0.0043378+0.0035687i,0.002224-0.0033131i,-0.0015861-0.0021992i,-0.0014565-0.0023606i,0.0010031-0.0031975i,0.0024027-0.0017636i,-0.0023361-0.0022416i,-0.002982+0.0016507i,-0.0032528-0.00055081i,-0.0022916-0.0020331i,-0.00028603-0.0027855i,-0.0023656-0.0032415i,0.0032873+0.0013427i,0.0014965-0.0018207i,-0.00017599-0.00217i,0.0015063-0.0024222i,0.00057793+0.00098499i,-0.0031079+0.0021297i,-0.0017311+0.0028478i,0.00026984+0.00092323i,0.0016385+0.00014768i,0.0027223+0.0083014i,-0.0083984-0.0028964i,-0.013961-0.0066805i,-0.010842-0.0056155i,-0.019673-0.003805i,-0.014554-0.0074104i,-0.013134+0.0048956i,-0.016678+0.0092414i,-0.014335-0.010971i,-0.016831-0.0019635i,0.0087211+0.0064649i,-0.0024217-0.00027343i,0.00079293-0.0028211i,0.0022819+0.004474i,-0.0015927-0.0028653i,-0.0089913+0.0079156i,-0.0015476-0.00081427i,0.0011089+0.0045274i,-0.0014122-0.0016505i,0.00030689-0.00046672i,0.0016739+0.0013799i,-0.00095164-0.00080253i,0.00025944-0.00078825i,0.0009099+0.0024198i,-0.0056302-0.0023635i,-0.0052506-0.0025801i,-0.0012575+0.0023311i,0.0018+0.0014289i,0.0018082+0.00097213i,0.0016463+0.00082601i,-0.0039675+0.002924i,0.00068343-0.0025143i,-3.8417e-05+0.00078274i,-0.0027196+0.00061646i,-0.00010367+0.00078446i,0.0021304+0.0021186i,0.00044791+0.00018819i,-0.00093359-0.0012785i,-0.00046939-0.0029205i,0.00090468+0.0013431i,-0.0029105-0.0022646i,-0.0013357+0.00042659i,0.0020689+0.00047615i,0.0051431+0.00054274i,-0.00075411-0.00038298i,-0.016453+0.000945i,0.0012468-0.0099607i,-0.0006744+0.0042112i,0.0065079+0.010954i,-0.00030336-0.0010226i,0.00085734+0.0066531i,8.5237e-05+0.012007i
-0.0035872+0.0047249i,-0.0035999+0.0069876i,-0.0030077+0.0075622i,-0.001704+0.0068185i,0.0092985+0.01058i,0.0026264+0.0047593i,0.00037272+0.012482i,-0.0066744+0.0068988i,-0.0062703+0.0067702i,-0.00083644+0.0037874i,-0.0010789+0.00029355i,-0.00044833+0.0044398i,-0.00076825+0.0027419i,0.0030272+0.0020129i,0.0015776+0.0012317i,-0.0029673+0.0026212i,0.0014926+0.00025789i,-0.0028608+0.001287i,-0.0025491+0.0011097i,-0.00079422+0.0041385i,-0.0023431+0.0020002i,-0.00069607+0.0024856i,-0.00069573+0.0034587i,-0.0035751+0.005497i,0.0010788-0.0039651i,-0.0021092-0.0016544i,-0.002042-0.0015929i,-0.00026341-0.0034151i,0.0017894-0.0025721i,-0.0029339-0.001493i,-0.0020031+0.0025317i,-0.0033886+0.0010102i,-0.0029267-0.00091851i,-0.0014208-0.0025503i,-0.0035211-0.0021082i,0.003372-8.5308e-05i,0.0008203-0.0023939i,-0.00091927-0.0020092i,0.00056198-0.0029004i,0.00075315+0.00083118i,-0.0021999+0.0031496i,-0.00069463+0.0032088i,0.00067949+0.00088225i,0.0015392-7.9193e-05i,0.0023419+0.0069159i,-0.0095528-0.0031397i,-0.014545-0.0077843i,-0.012218-0.0054139i,-0.021083-0.0031903i,-0.014888-0.006899i,-0.010401+0.0055738i,-0.014506+0.010112i,-0.015876-0.011096i,-0.016625-0.0021365i,0.0096015+0.0029527i,-0.0026116+0.0010107i,-0.00017256-0.0014638i,0.0029975+0.0036057i,-0.002449-0.0030094i,-0.0053457+0.011646i,-0.0018492-0.00021294i,0.0024928+0.0044799i,-0.0011987-0.0018154i,0.00018406-0.00030562i,0.0024007+0.0007254i,-0.00095519-0.001344i,0.00064146-0.0014135i,0.0020969+0.0012455i,-0.0055165-3.2964e-05i,-0.0071057+0.00010557i,-0.00038249+0.0028415i,0.0014784+0.00069384i,0.00177+0.00015326i,0.0012061+0.000119i,-0.0052976-0.0022489i,0.00086732-0.0019373i,-0.0001488+0.00075112i,-0.0019169+0.0015827i,0.00011404+0.0010642i,0.0026205+0.0017203i,-0.0002069-0.0001549i,-0.0016995-0.00084058i,-0.0020933-0.0031483i,0.0006086+0.00040743i,-0.003523-0.00081603i,-0.00085018+0.00046676i,0.0022152-0.00061132i,0.0047979-0.0020222i,-0.00062029-0.00022066i,-0.016928+0.0025117i,-0.0037504-0.0080233i,-0.0025688+0.004945i,0.0074604+0.0086979i,0.00046101-0.00036164i,0.0084792+0.0095225i,0.0014056+0.011474i
-0.0035178+0.0042107i,-0.0017465+0.0078379i,-0.0016123+0.0075979i,-0.00055714+0.0062459i,0.010374+0.0082504i,0.0026855+0.0044083i,0.0016843+0.011704i,-0.0060534+0.0070627i,-0.0050498+0.0078241i,-0.00031856+0.0039257i,-0.0010785+0.0010531i,0.001181+0.0044159i,8.0305e-06+0.0027396i,0.002952+0.00063621i,0.0020203+0.00065455i,-0.0022446+0.0034917i,0.0019363-0.00014056i,-0.0025973+0.0022435i,-0.0017834+0.0021108i,0.00077025+0.003989i,-0.0017801+0.0026764i,3.0286e-05+0.0023229i,0.00032278+0.0036103i,-0.0011355+0.0069721i,-0.00022535-0.0042214i,-0.0025248-0.0010569i,-0.0022601-0.0008856i,-0.0015709-0.0030935i,0.00082991-0.0032268i,-0.0033462-0.00060533i,-0.00098484+0.0030732i,-0.0028046+0.0024067i,-0.003089+0.00023708i,-0.0023803-0.0018335i,-0.0042601-0.0006046i,0.0027447-0.0011286i,-0.00013905-0.0025787i,-0.0015152-0.001541i,-0.00058149-0.0029824i,0.00099171+0.00085833i,-0.001149+0.003651i,0.00031053+0.0031313i,0.0010503+0.00049932i,0.0017921-0.0002971i,0.0021323+0.006081i,-0.010686-0.0025299i,-0.016414-0.0081588i,-0.013683-0.0043571i,-0.02284-0.001592i,-0.015612-0.0069695i,-0.0076285+0.0050076i,-0.012344+0.01025i,-0.01736-0.010308i,-0.016868-0.0021965i,0.0089911+0.00052137i,0.0036271+0.002906i,0.00016838-9.8473e-05i,0.0031346+0.0025118i,-0.0037747-0.002315i,-0.00060824+0.013032i,-0.0020097+0.00064429i,0.0037143+0.0040125i,-0.0021866-0.0015305i,0.00052448-0.00012272i,0.0023798-0.00021945i,-0.0014855-0.0016857i,0.00027662-0.0023702i,0.0021241-0.00016286i,-0.004488+0.0014312i,-0.006674+0.0032688i,0.00042516+0.002871i,0.00099792+0.00053141i,0.0011543-0.00069067i,0.00077386-8.9237e-06i,-0.002633+0.0013538i,-4.3128e-05-0.0033307i,-0.00027638+0.0012199i,-0.0011895+0.0018739i,0.0003836+0.0012618i,0.0028211+0.0013793i,-0.00077255+0.00040359i,-0.0022566+2.1076e-05i,-0.0036004+0.00071496i,-0.00019032+0.00014493i,-0.0055388+0.0024335i,-0.00021536+0.00019907i,0.0020677-0.0012514i,0.0025403-0.0027941i,-0.00066002-0.00011162i,-0.016357+0.0048588i,-0.0081326-0.0049802i,-0.004083+0.006526i,0.0073566+0.006204i,0.0011286+0.00022897i,0.0088632+0.0020842i,0.0020589+0.010434i
-0.0039174+0.0039685i,0.00053922+0.0073738i,-0.0003205+0.0070242i,0.0002936+0.0054751i,0.010742+0.0057876i,0.0028591+0.0040733i,0.0027123+0.010588i,-0.005442+0.0075086i,-0.0033882+0.008253i,0.00055475+0.0041119i,-0.00049239+0.0016328i,0.0024763+0.0037307i,0.00072933+0.00262i,0.0025192+1.7731e-05i,0.002017-2.0084e-05i,-0.0010852+0.0041531i,0.0021618-0.00087631i,-0.0017198+0.0031416i,-0.0008654+0.0021957i,0.0019817+0.0032137i,-0.0010419+0.0033986i,0.0004559+0.0020199i,0.0014463+0.0034475i,0.0017824+0.0067707i,-0.0016752-0.0041706i,-0.0028219-0.00024248i,-0.0023813-0.00026735i,-0.0026221-0.0022191i,-0.00037431-0.003529i,-0.0034362+0.00050903i,0.00017875+0.0033017i,-0.0016311+0.0033464i,-0.0028478+0.0014186i,-0.0029786-0.00075784i,-0.0041959+0.0010771i,0.0019199-0.0015025i,-0.0012312-0.0023113i,-0.0018775-0.00095878i,-0.001644-0.0025868i,0.0013779+0.00091104i,0.00012246+0.0038326i,0.0011548+0.002856i,0.0010927+1.8688e-05i,0.001821-0.00093517i,0.0020647+0.005315i,-0.011245-0.0016346i,-0.018695-0.0074349i,-0.014293-0.0027839i,-0.02367+0.00056588i,-0.017314-0.0066628i,-0.0056466+0.0031692i,-0.010731+0.0096236i,-0.018703-0.0089411i,-0.017441-0.0022236i,0.0074831-0.0011846i,-0.00092726+0.00071051i,0.0011729+0.0003151i,0.0026551+0.0017489i,-0.0045187-0.0009392i,0.0041942+0.012424i,-0.0016934+0.0014135i,0.0054556+0.002994i,-0.0020687-0.00097698i,0.0011158-0.00030744i,0.0023104-0.00074296i,-0.0021838-0.0016989i,-0.00066968-0.0030725i,0.0016747-0.0011044i,-0.0030694+0.0017397i,-0.0047601+0.00555i,0.0014633+0.002744i,0.00090722+0.00067558i,0.00028993-0.00069382i,0.00056296-0.00014556i,-0.0015758+0.002581i,-0.0022202-0.0024872i,0.00010646+0.0018396i,-0.0007696+0.0022473i,0.00057163+0.0013201i,0.0031965+0.00080294i,-0.00044611+0.0012131i,-0.0024703+0.0012518i,-0.0032289-0.00048998i,-0.0009065+0.00037725i,0.00051111-0.0019742i,0.00016309-0.00039052i,0.001734-0.001689i,0.00093551-0.0021031i,-0.0008599+0.00024585i,-0.014739+0.0066931i,-0.01083-0.00021558i,-0.0048373+0.008357i,0.0061409+0.0041993i,0.0022706+0.00034355i,0.0071972+0.0013757i,0.0026472+0.0096203i
-0.0043507+0.0044018i,0.0019278+0.0057442i,0.00041486+0.0061614i,0.00088897+0.0044333i,0.010467+0.0033867i,0.0029986+0.003559i,0.0033372+0.0094582i,-0.0046696+0.0080146i,-0.0018257+0.0079696i,0.0016489+0.0038822i,0.00024498+0.0017949i,0.0034097+0.0028284i,0.0013854+0.0022448i,0.0022793-0.00031488i,0.0018348-0.00052586i,0.0003892+0.0042432i,0.0021361-0.0013588i,-0.00061043+0.003427i,-0.0005184+0.0019904i,0.0026291+0.0021543i,0.00019832+0.0038785i,0.00077717+0.0018688i,0.0024723+0.0028391i,0.0040067+0.0054124i,-0.0033013-0.0036953i,-0.0028541+0.00055443i,-0.0024702+0.00042198i,-0.0032639-0.0011433i,-0.0016523-0.0032526i,-0.0031857+0.0017733i,0.0013512+0.0030198i,-0.0001238+0.0037039i,-0.0021223+0.0024344i,-0.0031205+0.00042095i,-0.0035617+0.0025355i,0.0014329-0.001316i,-0.0020221-0.0015947i,-0.0020406-0.00037537i,-0.002426-0.0017947i,0.0019933+0.00078363i,0.0013327+0.0036051i,0.0018375+0.0023928i,0.0010889-0.00043467i,0.0015164-0.0014178i,0.0015734+0.004572i,-0.011334-0.00071573i,-0.020632-0.0056316i,-0.014202-0.0017321i,-0.024084+0.0029625i,-0.019379-0.0050192i,-0.0050529+0.00074437i,-0.0097938+0.0090037i,-0.019385-0.0076335i,-0.018095-0.0018993i,0.0061449-0.0020088i,-0.00070219+0.0010978i,0.0021398-0.00011499i,0.0021706+0.0016078i,-0.0046449+0.0006781i,0.0085649+0.010166i,-0.0012312+0.0018326i,0.0075345+0.0022673i,-0.0020645-0.00072424i,0.0016035-0.0010428i,0.0024195-0.001352i,-0.0029406-0.0013058i,-0.0019209-0.0035059i,0.0011673-0.0017347i,-0.0024032+0.0018545i,-0.0023908+0.0065689i,0.00237+0.002098i,0.001145+0.00054204i,-0.0012341-0.00049831i,0.00010956-0.00019493i,-0.00059559+0.0031576i,-0.0029511-0.00066336i,0.00079123+0.0021544i,-0.00014183+0.0025079i,0.00094183+0.0015071i,0.0031815+3.0505e-05i,0.00021068+0.0013922i,-0.0018733+0.0024802i,-0.003838+0.000599i,-0.0014796+0.0011906i,-0.00049983-0.00045645i,-0.00013967-0.0011149i,0.0017792-0.0020609i,-0.00044901-0.0014446i,-0.00086794+0.00057143i,-0.012861+0.0071621i,-0.011018+0.0044716i,-0.004849+0.010744i,0.0043961+0.0030236i,0.0033718-4.2485e-05i,0.0073501+0.00067685i,0.0029964+0.0091141i
-0.0040607+0.0050778i,0.0021395+0.0040936i,0.00079694+0.005326i,0.00082259+0.0031703i,0.0096892+0.0013623i,0.0030091+0.0030675i,0.0037114+0.0084923i,-0.0036429+0.0082987i,-0.0005914+0.00728i,0.002626+0.0031994i,0.00098349+0.0016049i,0.004035+0.0017742i,0.0019864+0.0017452i,0.0020729-0.00056055i,0.0015945-0.00091097i,0.0016699+0.0038882i,0.0019236-0.0019768i,0.00028436+0.0034264i,-0.0002073+0.002178i,0.002915+0.0012045i,0.0017221+0.0037361i,0.0010245+0.0017896i,0.0032066+0.0018477i,0.0055093+0.0034184i,-0.0046946-0.0023i,-0.0026538+0.0016792i,-0.0023024+0.0012345i,-0.0035144+0.00022686i,-0.0027525-0.0025563i,-0.0024744+0.0030211i,0.0023189+0.0024017i,0.0012728+0.0034763i,-0.0010469+0.0030557i,-0.0028039+0.0016012i,-0.0025242+0.0037404i,0.0012098-0.0010478i,-0.0023198-0.00065427i,-0.0021203+0.00027676i,-0.0029123-0.0008528i,0.0026167+7.291e-05i,0.0022454+0.0028374i,0.0025391+0.0018079i,0.00078031-0.0007647i,0.0012751-0.0014476i,0.0010237+0.0041048i,-0.011206-0.00017647i,-0.021582-0.0025923i,-0.014451-0.0011494i,-0.023888+0.0053896i,-0.020031-0.0023659i,-0.0059275-0.0016032i,-0.0093904+0.0083628i,-0.020052-0.006073i,-0.018731-0.0011871i,0.005765-0.0025189i,-0.0005856+0.0010774i,0.0023065-0.0013601i,0.001776+0.0018143i,-0.0042917+0.0022852i,0.011618+0.0060934i,-0.00079693+0.0023789i,0.0071491+0.0064738i,-0.0020877-0.00080756i,0.0015919-0.0021136i,0.0023885-0.0024179i,-0.0034832-0.00051051i,-0.00354-0.0032459i,0.00053043-0.00231i,-0.0017969+0.0021166i,8.2715e-05+0.0064919i,0.0029151+0.00095227i,0.0012519+6.791e-05i,-0.00044523-0.0018192i,-0.00024592+0.00014448i,0.00034975+0.0032451i,-0.0025687+0.0011678i,0.0015673+0.0022508i,0.00055663+0.0027571i,0.0013253+0.0014588i,0.0026355-0.00048732i,0.00081729+0.0014031i,-0.00088612+0.0032943i,-0.0037516+0.0019991i,-0.0015614+0.0023494i,-0.00063687-0.00011988i,-0.00078635-0.0015104i,0.0023514-0.0030962i,-0.00090053+0.0001938i,-0.00087843+0.00091906i,-0.011239+0.0070325i,-0.0099481+0.0083085i,-0.0034753+0.013153i,0.0024784+0.0028695i,0.0042127-0.00076028i,0.0077434-0.00057965i,0.0034249+0.0090645i
-0.0035227+0.0056111i,0.0017552+0.0029501i,0.00077342+0.0046776i,0.00010825+0.0024122i,0.0083768-4.6702e-05i,0.0028944+0.0026572i,0.0038398+0.007759i,-0.0023085+0.0084411i,-3.0831e-06+0.0063518i,0.0033299+0.0022613i,0.0014856+0.0011732i,0.0043148+0.00051424i,0.0025299+0.0010939i,0.0019417-0.0006861i,0.0012886-0.0011611i,0.0028544+0.003114i,0.0010686-0.0027133i,0.001253+0.0032604i,0.00026967+0.002269i,0.0029599+0.00034563i,0.0031263+0.0028311i,0.0015011+0.0017219i,0.0035235+0.00066763i,0.006081+0.0011133i,-0.0053086-0.00013145i,-0.0018074+0.00276i,-0.0018125+0.0019482i,-0.003142+0.0015659i,-0.0037127-0.0014242i,-0.00095447+0.0037527i,0.0031548+0.0015525i,0.0024156+0.0027597i,0.000205+0.0033025i,-0.0020295+0.002628i,-0.00089631+0.0046226i,0.0012844-0.00090937i,-0.0023145+0.00013249i,-0.0019079+0.0010105i,-0.0030032+0.00019078i,0.0027429-0.0010788i,0.002855+0.0019192i,0.003089+0.00091472i,0.00041175-0.00071812i,0.0012274-0.00153i,0.00046412+0.0039332i,-0.011294-8.5114e-05i,-0.020665+0.00014671i,-0.015032-0.00023379i,-0.023116+0.0081199i,-0.020086-0.00034306i,-0.0080716-0.0028699i,-0.0094289+0.0081047i,-0.019897-0.0044087i,-0.019056-0.00069572i,0.005004-0.0032334i,-0.00082372+0.0011i,0.0013443-0.0023538i,0.0018634+0.0023532i,-0.0031641+0.0041145i,0.011653+0.001591i,8.7094e-06+0.0027951i,0.0024563+0.0056796i,-0.0024376-0.0010858i,0.0011349-0.0035321i,0.0015695-0.0037257i,-0.0036041+0.0005502i,-0.0049502-0.0021904i,-0.00055899-0.0024125i,-0.00074727+0.0017017i,0.0018915+0.0054762i,0.0028234-0.00040334i,0.0014673-0.00044845i,-0.0009704-0.00068425i,-0.00030344+0.00074783i,0.0013102+0.0033262i,-0.0013552+0.0023704i,0.0026658+0.0021775i,0.0016195+0.002835i,0.0017517+0.001134i,0.0021069-0.00048485i,0.0014866+0.0010802i,0.00058332+0.0037644i,-0.0026115+0.0032199i,-0.00080352+0.0035197i,-0.00063877+9.2707e-05i,-0.001438-0.0013378i,0.00082342-0.0055725i,-0.00034414+0.0011992i,-0.00094869+0.0014065i,-0.010181+0.006252i,-0.0080299+0.01106i,-0.0017297+0.014729i,0.00090042+0.0038981i,0.0047445-0.0020628i,0.0075213-0.0018377i,0.0041052+0.0089444i
-0.0031406+0.0058414i,0.0012375+0.0024884i,0.00069831+0.0040946i,-0.00056606+0.0023691i,0.0071768-0.00079774i,0.0027631+0.0023395i,0.0040875+0.0073136i,-0.0010629+0.0080035i,0.00038277+0.0056064i,0.0038147+0.0013297i,0.001699+0.0006728i,0.004095-0.00059363i,0.0028047+0.00017717i,0.0020408-0.00083688i,0.0010179-0.0013424i,0.0036315+0.0018506i,1.1825e-05-0.0022792i,0.0020865+0.0025318i,0.00063357+0.0022774i,0.0029277-0.00048025i,0.0039423+0.0012984i,0.0020526+0.0013853i,0.0033973-0.00041854i,0.0054807-0.00078961i,-0.0047733+0.0019538i,-0.00039179+0.0033969i,-0.0010302+0.0024767i,-0.0023058+0.002528i,-0.0040077+0.00017112i,0.00049315+0.0037276i,0.0037297+0.00023441i,0.0033022+0.0017374i,0.0015024+0.0029837i,-0.00076849+0.0032545i,0.0012016+0.0046676i,0.0014599-0.0011015i,-0.0021658+0.00085512i,-0.0014252+0.0015935i,-0.0027016+0.0011973i,0.0020889-0.0022654i,0.0031018+0.00095753i,0.0031376-0.00014086i,0.0004407-0.00047815i,0.0011766-0.0017759i,0.00021503+0.0039714i,-0.011778+0.0001948i,-0.018958+0.0014592i,-0.015279+0.0010549i,-0.021143+0.010269i,-0.019461+0.0018479i,-0.010496-0.0024408i,-0.0093724+0.0086826i,-0.019371-0.0033354i,-0.020083-0.00033132i,0.0042765-0.0037458i,-0.0012217+0.0014382i,-0.00018348-0.0020448i,0.0023185+0.0028101i,-0.00090009+0.0049201i,0.010195-0.0016845i,0.0011618+0.0023673i,0.0019885+0.0048232i,-0.0031879-0.00094982i,-0.00027841-0.0045518i,0.00010934-0.0044289i,-0.0032169+0.0013874i,-0.0058805-0.00059546i,-0.0014944-0.0020522i,-0.00064352+0.0020621i,0.0029361+0.0042831i,0.0019547-0.0013541i,0.0017034-0.0012879i,-0.0011055+0.00027667i,-0.0002829+0.0012035i,0.0021955+0.0029651i,0.0004699+0.0028153i,0.0039456+0.0011291i,0.0026868+0.0024613i,0.0018921+0.00057891i,0.0020852-0.00043297i,0.0019138+0.0002439i,0.002099+0.0032297i,-0.0014313+0.0038043i,0.00048625+0.0040227i,-0.00058781+0.00044864i,-0.0018024-0.0009555i,-0.0018649-0.0055936i,-9.5193e-05+0.001603i,-0.00079242+0.0023363i,-0.010153+0.0051054i,-0.0056796+0.012383i,0.00041417+0.015394i,0.00028901+0.0056364i,0.004012-0.0036899i,0.0070616-0.003107i,0.0050388+0.0086952i
-0.0024623+0.0061649i,0.00088528+0.0023774i,0.00042267+0.0039154i,-0.00097619+0.002554i,0.0062703-0.0014315i,0.0026413+0.001987i,0.0046419+0.00705i,-0.00027674+0.007107i,0.00066738+0.0050398i,0.0039456+0.0002879i,0.0017422+0.00014002i,0.0037071-0.0014028i,0.0028068-0.00081667i,0.0020173-0.0013381i,0.00076136-0.0015266i,0.0037813+0.00046484i,0.00037982-0.0022196i,0.0024425+0.0019616i,0.0012384+0.0024295i,0.0027343-0.0013061i,0.0038482-0.00049993i,0.0024378+0.00087016i,0.0030064-0.0012954i,0.0044611-0.0018415i,-0.0034374+0.0035249i,0.0012085+0.0031015i,-0.00015715+0.0026463i,-0.0012444+0.0029955i,-0.0035037+0.001642i,0.0017341+0.0034309i,0.0037191-0.0014584i,0.003775+0.00039703i,0.0025816+0.0021262i,0.00059565+0.0032525i,0.0030092+0.0037807i,0.0013153-0.0014922i,-0.001711+0.0015963i,-0.00079115+0.0019747i,-0.0020789+0.0020127i,0.00085462-0.0028921i,0.0030194+0.00010091i,0.0027646-0.0010707i,0.00081437-0.00049106i,0.0010442-0.0020438i,2.4476e-05+0.0040733i,-0.012402+0.00064797i,-0.017839+0.0018263i,-0.015292+0.0023411i,-0.018942+0.011594i,-0.017689+0.0031182i,-0.012053-0.0007105i,-0.0086922+0.0096978i,-0.018778-0.002759i,-0.02122+0.0008097i,0.0035248-0.0044237i,-0.001514+0.0019799i,-0.00097391-0.00093872i,0.0029656+0.0027111i,0.0010944+0.0046007i,0.0078725-0.0036585i,0.0012952+0.0014373i,0.0022442+0.0046613i,-0.0039648-0.00023281i,-0.0019743-0.0045914i,-0.0014792-0.0044628i,-0.0026543+0.0020123i,-0.0057279+0.0011021i,-0.0020891-0.001253i,0.00042402+0.0029287i,0.0037042+0.0032277i,0.0010322-0.0017039i,0.0013659-0.0019014i,-0.0010267+0.00070069i,0.0001113+0.0019236i,0.0031489+0.0018521i,0.0023811+0.0018303i,0.0044284-0.00069474i,0.0038124+0.0014288i,0.0019576+0.0002525i,0.0021223-0.00045346i,0.0013658-0.00069471i,0.0030181+0.0021973i,-0.00013188+0.0039485i,0.0018014+0.003942i,-0.00015632+0.00054961i,-0.0021673-0.00067336i,-0.0035392-0.0044761i,0.00020717+0.002384i,9.6287e-05+0.0030694i,-0.010612+0.0046194i,-0.0042079+0.012966i,0.0021798+0.015273i,0.00079785+0.0070696i,0.0025701-0.0042143i,0.0062653-0.0042724i,0.0058831+0.007838i
-0.0016108+0.0061518i,0.000905+0.0024965i,0.0003477+0.0039648i,-0.0012612+0.0028969i,0.0054077-0.0020762i,0.0024584+0.0017017i,0.0053503+0.006484i,1.0126e-05+0.0063444i,0.00096612+0.0043598i,0.003799-0.00057518i,0.001475-0.00031931i,0.0033365-0.0021104i,0.0024385-0.0018345i,0.0017451-0.001794i,0.00047283-0.0016311i,0.0034071-0.00054653i,-5.4303e-05-0.0025435i,0.0028935+0.001357i,0.0021273+0.0023434i,0.0022438-0.0020362i,0.0029893-0.0017109i,0.0027545+0.00016016i,0.0024631-0.0020257i,0.0037095-0.0023901i,-0.0016812+0.0044244i,0.0023699+0.0021824i,0.00069715+0.0025115i,-0.00019389+0.0031416i,-0.0025701+0.0026636i,0.0029033+0.0026369i,0.0026934-0.0028919i,0.0035652-0.0010562i,0.0031405+0.00092288i,0.0017928+0.0027374i,0.0042384+0.0023493i,0.00080008-0.0020116i,-0.00090311+0.0020381i,-0.0001031+0.0021346i,-0.0012571+0.0024607i,-0.00047408-0.0028332i,0.0027686-0.00071853i,0.0022485-0.0017378i,0.0010516-0.00066502i,0.00083861-0.0023044i,0.00017286+0.0042219i,-0.013065+0.0013949i,-0.017287+0.0021093i,-0.015133+0.0039699i,-0.016917+0.011972i,-0.016208+0.0032447i,-0.01233+0.001458i,-0.0070264+0.010132i,-0.018313-0.0021872i,-0.022082+0.0022969i,0.0022706-0.0050585i,-0.00049678+0.002628i,-0.0010522+0.00044688i,0.0034339+0.0022901i,0.0026433+0.0038685i,0.0058517-0.0043348i,0.00082528+0.0013476i,0.0029428+0.0051372i,-0.0042844+0.00089123i,-0.0030559-0.0038875i,-0.0028922-0.0040447i,-0.0019299+0.0022963i,-0.0054416+0.0023801i,-0.0024707-0.00048505i,0.0033912+0.0046793i,0.0041253+0.0021771i,0.00021985-0.0018168i,0.00066006-0.0022218i,-0.0010788+0.0012835i,0.0010042+0.0022369i,0.0033134-0.00054026i,0.0027533-0.00010195i,0.0037185-0.0024617i,0.0041395-0.00018821i,0.0021185-0.00032276i,0.0021553-0.00085679i,0.00055992-0.00068927i,0.0034399+0.0011685i,0.00087902+0.0036701i,0.003084+0.0033637i,0.00020984+0.00032193i,-0.0023184-0.00027027i,-0.0046747-0.0031121i,0.001288+0.0030006i,0.0011955+0.0033977i,-0.011125+0.0050182i,-0.0031122+0.013989i,0.0032832+0.01501i,0.0017669+0.0080077i,0.00128-0.0039287i,0.0052337-0.0048617i,0.0063792+0.0066546i
-0.0010961+0.0058759i,0.0013689+0.0023784i,0.00044757+0.0041234i,-0.0011447+0.0033842i,0.0044805-0.0025067i,0.0022061+0.0014158i,0.0061175+0.0057937i,-3.2488e-05+0.0058727i,0.0011326+0.0037039i,0.003575-0.001202i,0.0012053-0.00045262i,0.0028255-0.0026651i,0.00163-0.0026541i,0.001364-0.0021539i,0.0001558-0.0016583i,0.0030088-0.0012323i,-0.00058557-0.0024917i,0.0030638+0.00051918i,0.0029222+0.0016498i,0.0015796-0.0026885i,0.0019941-0.0023109i,0.0029149-0.00074691i,0.0017709-0.0025313i,0.0031904-0.0029028i,0.00010377+0.0044066i,0.0030031+0.00077026i,0.0014221+0.0021336i,0.000803+0.0029337i,-0.0014608+0.0033032i,0.0036849+0.0014907i,0.0012316-0.003623i,0.0029309-0.0022965i,0.0031315-0.00036013i,0.0027072+0.0018783i,0.0049089+0.00056444i,-3.198e-06-0.002381i,-0.00017262+0.0020863i,0.00072241+0.0020974i,-0.00028482+0.0027021i,-0.0014436-0.0022673i,0.0023395-0.0013589i,0.0015098-0.0022355i,0.0011586-0.0010452i,0.00053426-0.0027082i,0.00049709+0.004224i,-0.013433+0.0025253i,-0.017071+0.0023112i,-0.014168+0.0056976i,-0.014858+0.011996i,-0.015626+0.0027079i,-0.011433+0.0031314i,-0.0055483+0.0093725i,-0.018094-0.0020911i,-0.022978+0.0040317i,0.00049837-0.0049208i,0.0010464+0.0040518i,-0.00011328+0.0015838i,0.0035568+0.0016104i,0.0038526+0.0025325i,0.0043753-0.0048745i,0.00068502+0.001693i,0.004657+0.0050045i,-0.0040341+0.002106i,-0.0036465-0.0033639i,-0.0045799-0.0032285i,-0.0012568+0.0022883i,-0.0052829+0.0038732i,-0.0024864+0.00056872i,0.003889+0.0069593i,0.0043184+0.00083958i,-0.00058986-0.0013106i,-0.00018047-0.0020308i,-0.00092669+0.0019175i,0.0020126+0.0018661i,-0.0011936-0.0026112i,0.0019259-0.0016762i,0.0024045-0.0035591i,0.0035763-0.0016099i,0.0020404-0.0011302i,0.0019083-0.0014109i,0.00028217-0.00024659i,0.003693+6.185e-05i,0.0018801+0.0033709i,0.0041859+0.0022305i,0.00033132-2.2465e-05i,-0.0024239+0.00016429i,-0.0053325-0.0015026i,0.0025049+0.0030087i,0.0022357+0.0036281i,-0.011349+0.005445i,-0.0018289+0.014957i,0.0038892+0.014606i,0.0030534+0.0084747i,0.00032043-0.0030165i,0.0042282-0.0048764i,0.0063873+0.0054503i
-0.00055728+0.0057108i,0.0016787+0.0017975i,0.00082274+0.0042865i,-0.00077121+0.0035775i,0.0036845-0.0029479i,0.0018771+0.001189i,0.007003+0.0047941i,-0.00026927+0.0056767i,0.0012321+0.0028741i,0.0032324-0.0017012i,0.0011766-0.00047491i,0.0022273-0.0030497i,0.00062807-0.0030584i,0.00093101-0.0024158i,-0.00014301-0.00165i,0.0026614-0.00174i,-0.0009098-0.0024146i,0.0030107-0.00027109i,0.0033849+0.00056954i,0.00065805-0.0030888i,0.0010205-0.0025701i,0.0025373-0.0017149i,0.00097984-0.0027972i,0.0026042-0.0035124i,0.001482+0.0036052i,0.0027638-0.00058518i,0.0020433+0.0015719i,0.0016464+0.002451i,-0.00010305+0.0035364i,0.0040769+6.9527e-05i,-0.0003207-0.0036777i,0.0019755-0.0032619i,0.0026183-0.0014771i,0.0032015+0.00066894i,0.0047211-0.0014582i,-0.0011272-0.002413i,0.00056456+0.0020252i,0.0014466+0.0017327i,0.00073988+0.0026161i,-0.0019949-0.0013471i,0.0017769-0.0019389i,0.0006263-0.0024153i,0.0010894-0.0014869i,1.1148e-05-0.0030642i,0.00081892+0.0036855i,-0.013518+0.0039485i,-0.017191+0.0028402i,-0.012331+0.0068027i,-0.013573+0.010899i,-0.015738+0.0019511i,-0.010319+0.003755i,-0.0048718+0.0078489i,-0.018632-0.0021132i,-0.023404+0.0063722i,-0.00080038-0.0040918i,0.0021129+0.0044138i,0.0011079+0.0017856i,0.0032976+0.0014449i,0.0041603+0.00060824i,0.0031809-0.0053054i,0.00097166+0.0020504i,0.0061014+0.0038995i,-0.0035069+0.0032801i,-0.0041183-0.0028163i,-0.0060137-0.0012627i,-0.0007294+0.0019806i,-0.0044325+0.0060079i,-0.001907+0.0014224i,0.0020057+0.004898i,0.0035104-0.00046277i,-0.0009029-0.00049555i,-0.00076379-0.0014535i,-0.0002917+0.0024357i,0.0025699+0.0011669i,0.0017658+0.0031932i,0.00057178-0.0021737i,0.00069259-0.0040184i,0.0026749-0.0023358i,0.0014652-0.0019981i,0.0015711-0.0019711i,0.00053197-8.4812e-06i,0.0035146-0.0012639i,0.0026761+0.0028677i,0.0046732+0.00072716i,0.00035706-0.00051587i,-0.0024335+0.00052201i,-0.0050262-0.00014945i,0.0035775+0.0025342i,0.0039618+0.0033884i,-0.01127+0.0058132i,-4.2248e-05+0.015954i,0.0042369+0.014868i,0.004294+0.0084409i,0.00015332-0.0014873i,0.0044598-0.005036i,0.0058765+0.0045171i
0.00044828+0.0052353i,0.0015637+0.0009447i,0.0013424+0.0043203i,-0.00051123+0.0035219i,0.0026641-0.0034634i,0.0014921+0.0010966i,0.0077278+0.0033157i,-0.00024395+0.005964i,0.00096664+0.0020425i,0.0028577-0.0022943i,0.0013179-0.00070389i,0.0016908-0.0034224i,-0.0005144-0.0031066i,0.00042657-0.0026748i,-0.00041638-0.0015684i,0.0023891-0.0019882i,-0.0012751-0.0024709i,0.0027931-0.0010379i,0.0032873-0.00066146i,-0.00056029-0.0030203i,8.4748e-05-0.0024245i,0.0018839-0.0024668i,0.00017878-0.0028412i,0.0019522-0.0040822i,0.0022466+0.0028951i,0.0019676-0.0014807i,0.0024509+0.00085595i,0.0024501+0.0018109i,0.0011224+0.0030281i,0.0037738-0.0015894i,-0.0017193-0.0030964i,0.00058284-0.0038932i,0.0017474-0.0022419i,0.0030908-0.00069558i,0.0035511-0.0031675i,-0.0022388-0.0019024i,0.0013608+0.0015592i,0.0020589+0.0010854i,0.0016948+0.0020763i,-0.0020055-0.00045461i,0.001185-0.0022791i,-0.0001293-0.0022427i,0.00068779-0.0017452i,-0.00060287-0.0031589i,0.00064322+0.0030602i,-0.012846+0.0050443i,-0.01705+0.0037885i,-0.010557+0.006763i,-0.013502+0.010308i,-0.017522+0.0016961i,-0.0097314+0.0037008i,-0.0055883+0.0065046i,-0.019866-0.0013255i,-0.023443+0.0090381i,-0.0015764-0.003126i,0.0035006+0.0048604i,0.0019379+0.0011556i,0.0033608+0.0019115i,0.0035572-0.00070152i,0.0015391-0.0054979i,0.0014368+0.0027713i,0.0066142+0.0025368i,-0.0023947+0.0042176i,-0.0047891-0.0022678i,-0.0059669+0.0011613i,-0.00055838+0.0015154i,-0.001757+0.0074508i,-0.001142+0.0017566i,0.0016324+0.0033606i,0.0019137-0.001403i,-0.00061402+0.00011376i,-0.0010105-0.00076289i,0.00030071+0.00259i,0.0029159+0.00040785i,0.0039709+0.00012703i,-0.00061372-0.0017995i,-0.00094896-0.0034817i,0.0019686-0.002758i,0.00054683-0.0023241i,0.0010119-0.0025969i,0.00080368-0.00019054i,0.0027847-0.0021015i,0.0036335+0.0020029i,0.0044494-0.00089583i,-9.4312e-05-0.00097281i,-0.0022827+0.0010722i,-0.0047091+0.00044914i,0.0045337+0.0016266i,0.0054718+0.0017229i,-0.011456+0.0063529i,0.0019409+0.017003i,0.005128+0.015655i,0.0054466+0.0080706i,0.0017833-0.00036005i,0.0015283-0.0059746i,0.0050883+0.0040824i
0.0010622+0.0036569i,0.00091558+0.0004919i,0.0019901+0.0040932i,-0.00017783+0.0034584i,0.0014386-0.0035944i,0.0011116+0.0012471i,0.0078819+0.0012159i,0.00032264+0.0062348i,0.00041884+0.0014026i,0.0024372-0.0028908i,0.0012833-0.001079i,0.00093547-0.0036775i,-0.0016391-0.0026345i,-0.00015054-0.0026811i,-0.00058916-0.0013915i,0.0021795-0.0023781i,-0.0017476-0.0023148i,0.0023719-0.0016609i,0.0025773-0.0016283i,-0.0016093-0.0023318i,-0.00044323-0.0019879i,0.0010024-0.0028874i,-0.0006248-0.0026936i,0.0011207-0.004774i,0.0028597+0.0020964i,0.0010185-0.0016155i,0.0026678+6.0734e-05i,0.0029925+0.00080666i,0.0017719+0.0022413i,0.002642-0.0030129i,-0.0026909-0.0019997i,-0.0011531-0.0038094i,0.00061069-0.0025287i,0.0023815-0.0018012i,0.0019276-0.0041669i,-0.0028502-0.00094318i,0.0018331+0.00075384i,0.002355+0.00023936i,0.0022181+0.0011157i,-0.0017744+1.2904e-05i,0.00034546-0.0024819i,-0.00066516-0.0019008i,0.0003687-0.0017957i,-0.0010964-0.0029623i,0.00021664+0.0026689i,-0.012438+0.0053525i,-0.016131+0.0045489i,-0.0095395+0.0061965i,-0.01344+0.010227i,-0.019483+0.003632i,-0.010027+0.0039049i,-0.0066074+0.0062297i,-0.020469+0.00040587i,-0.022441+0.012114i,-0.0021551-0.0022741i,0.0053696+0.0042994i,0.0022561+0.00078226i,0.0041406+0.0024841i,0.0026698-0.001617i,-4.9317e-05-0.0051116i,0.0028112+0.0029982i,0.0065771+0.0016998i,-0.001128+0.0046087i,-0.0054-0.0014502i,-0.0050346+0.0035221i,-0.00076592+0.0011958i,0.00064925+0.0070124i,-0.00063317+0.0016326i,0.0015559+0.0025344i,3.0367e-05-0.0043229i,-0.00010174+0.00041026i,-0.0009926-0.00016672i,0.00083495+0.0029614i,0.0029309-0.00066854i,0.0030775-0.0019993i,-0.0012797-0.0010963i,-0.002044-0.0024625i,0.0010643-0.0030585i,-0.00051765-0.0021807i,-0.00042934-0.0028222i,0.00085074-0.00035191i,0.0018921-0.0027252i,0.0039679+0.00060913i,0.0037211-0.0020665i,-0.00073435-0.00096834i,-0.0019753+0.0013963i,-0.0047726+0.0012149i,0.0048098+0.0005405i,0.0051937-5.1534e-05i,-0.011475+0.0073035i,0.0047139+0.01747i,0.00677+0.016216i,0.0061924+0.0073341i,0.0033128-0.00088833i,0.001331-0.0044181i,0.0044393+0.0041945i
-0.00093478+0.0022473i,0.00027786+0.00063017i,0.0025083+0.0036238i,0.0001065+0.0032871i,0.00022942-0.0032989i,0.0008913+0.0015465i,0.0070127-0.00077784i,0.0010605+0.0058381i,-0.00033397+0.0011261i,0.0019293-0.0032593i,0.0011826-0.0014269i,1.3721e-05-0.0036782i,-0.0023142-0.0016972i,-0.00062693-0.0025776i,-0.00069014-0.0013464i,0.0017822-0.0029552i,-0.0021361-0.0019178i,0.0018029-0.0022237i,0.0018738-0.0020168i,-0.0020423-0.0013586i,-0.00076708-0.0016759i,0.00012363-0.0028528i,-0.0013395-0.0022924i,-9.2426e-05-0.0052176i,0.0034646+0.0012751i,0.00051172-0.0013646i,0.0026372-0.00084281i,0.0030943-0.00037687i,0.0020915+0.0015612i,0.0010431-0.0036374i,-0.003082-0.00076787i,-0.0024828-0.002797i,-0.00041702-0.0024023i,0.0014177-0.002345i,0.00024473-0.0044815i,-0.002904+3.9436e-05i,0.0017058-8.9697e-05i,0.0022488-0.00064001i,0.0022941+0.00023936i,-0.0015262+0.00033931i,-0.00041997-0.0022532i,-0.0010725-0.0015192i,0.0001559-0.0019774i,-0.0014532-0.0027814i,-0.00031509+0.0025756i,-0.012642+0.0059298i,-0.015213+0.0045478i,-0.0090769+0.0055647i,-0.013127+0.010453i,-0.02009+0.0063626i,-0.010324+0.0048416i,-0.0073839+0.0069309i,-0.020333+0.0023614i,-0.020396+0.0144i,-0.0026732-0.0013588i,0.0067557+0.0023584i,0.0027554+0.00022207i,0.0054107+0.0023732i,0.0015623-0.0021146i,-0.001629-0.0042263i,0.0043943+0.0023424i,0.0062621+0.00076175i,0.00021274+0.004688i,-0.0058854-0.00046386i,-0.0032051+0.0050924i,-0.0010813+0.0012296i,0.0022762+0.0065121i,-0.00018727+0.0015804i,0.0017007+0.0016911i,-0.00038473-0.00614i,0.00023011+0.0003856i,-0.00071309+0.00029283i,0.0018384+0.0031337i,0.0025669-0.0013916i,0.0018981-0.0030062i,-0.0013864-0.00023911i,-0.0024182-0.0010961i,0.00016457-0.0029421i,-0.0013327-0.0015141i,-0.0016941-0.0020805i,0.00091813-0.00064165i,0.00082819-0.003035i,0.0038131-0.00054658i,0.0028308-0.0028888i,-0.001272-0.00078118i,-0.0018773+0.0017031i,-0.0047343+0.0022613i,0.0049111-0.00040576i,0.0043327-0.00080114i,-0.011209+0.0079285i,0.0075593+0.016857i,0.008504+0.016142i,0.0067035+0.0064147i,0.0040396-0.0019151i,0.0017108-0.0037365i,0.0039724+0.0045871i
-0.0018305+0.0032802i,0.00016442+0.00092241i,0.0029338+0.0030623i,0.00025652+0.0031552i,-0.00075915-0.0026056i,0.00085141+0.0018835i,0.0053966-0.0022434i,0.0013143+0.0054162i,-0.001093+0.0010507i,0.0013258-0.0037366i,0.00095966-0.001768i,-0.00079321-0.0034006i,-0.0025763-0.0006565i,-0.0010234-0.0023442i,-0.00087501-0.0014285i,0.0011352-0.0034348i,-0.0025089-0.00149i,0.0012404-0.0024848i,0.0014566-0.0022196i,-0.002021-0.00043639i,-0.0011201-0.0014378i,-0.00059262-0.0026329i,-0.0019208-0.0016581i,-0.0017221-0.0052989i,0.0041139+0.00010064i,0.00035407-0.0011814i,0.0022929-0.0017762i,0.0027535-0.0015304i,0.0023476+0.00092722i,-0.00035788-0.0035364i,-0.002992+0.00034734i,-0.0031608-0.0014465i,-0.0012279-0.0018911i,0.00040823-0.0025797i,-0.0013807-0.0041268i,-0.0027069+0.00078615i,0.0013478-0.00061303i,0.0018116-0.0014497i,0.0020556-0.0005618i,-0.0013678+0.00057479i,-0.00092156-0.0018943i,-0.0012976-0.0010435i,5.771e-05-0.0021534i,-0.0018866-0.0028047i,-0.00083173+0.002665i,-0.01273+0.0070437i,-0.015006+0.0040103i,-0.00904+0.0049863i,-0.013004+0.01043i,-0.019372+0.0090595i,-0.010266+0.0061056i,-0.0070362+0.0080723i,-0.019547+0.0039977i,-0.018114+0.016278i,-0.0028765-0.00027017i,0.0073633+3.0476e-05i,0.0027006-0.00053745i,0.0066491+0.0015466i,0.00042798-0.0018691i,-0.0028472-0.0024347i,0.0055694+0.0009592i,0.0056788+0.00046236i,0.0015413+0.0043165i,-0.0062743+0.00083037i,-0.00072896+0.0053837i,-0.0013418+0.0015375i,0.0037714+0.0056811i,-8.9668e-05+0.0013873i,0.0014806+0.0010135i,-0.001409-0.0055445i,0.00041257+0.00017051i,-0.00026335+0.00059979i,0.0030905+0.002904i,0.0018739-0.0018264i,0.00062178-0.0033058i,-0.0010048+0.00046177i,-0.002134-9.6763e-05i,-0.00058753-0.0027041i,-0.001753-0.00059564i,-0.0021511-0.00074914i,0.0007936-0.0011294i,-0.00035356-0.0029474i,0.0033009-0.0014599i,0.0018674-0.0033418i,-0.0016419-0.00042463i,-0.0017133+0.0020353i,-0.0042454+0.0034653i,0.0049266-0.0013928i,0.0039561-0.0012801i,-0.010668+0.0088499i,0.0101+0.015633i,0.010216+0.015829i,0.0068303+0.0055237i,0.0043826-0.0030083i,0.0023016-0.0037442i,0.0038347+0.0050445i
-0.0023363+0.00402i,0.00019585+0.0010012i,0.0032007+0.0024411i,0.00056997+0.003037i,-0.0013219-0.0017024i,0.00093301+0.002222i,0.0034319-0.0030188i,0.0016806+0.0052237i,-0.0020637+0.0013177i,0.00040042-0.0040856i,0.00064853-0.0020519i,-0.0014219-0.0028726i,-0.0023995+0.00028759i,-0.0013623-0.0020265i,-0.0012093-0.0014202i,5.7205e-05-0.0036668i,-0.0027412-0.00090158i,0.00063593-0.0026753i,0.0011339-0.0024557i,-0.0017453+0.00024209i,-0.0015106-0.001103i,-0.0011788-0.0023509i,-0.0021599-0.00094354i,-0.0034791-0.004228i,0.004238-0.0014841i,0.00025898-0.0012615i,0.0015605-0.0025696i,0.0020365-0.0024733i,0.0025722+0.00027033i,-0.0016459-0.0029338i,-0.002657+0.0013004i,-0.0032683-0.00010401i,-0.0016964-0.001189i,-0.00055987-0.0024843i,-0.0026308-0.0032796i,-0.002199+0.0015478i,0.00095816-0.00094685i,0.0011181-0.0020372i,0.0016252-0.0011789i,-0.0013684+0.00081941i,-0.0013204-0.0014419i,-0.0013749-0.00062968i,-0.00018032-0.0024338i,-0.0024867-0.0026816i,-0.0011173+0.0030703i,-0.012395+0.0081959i,-0.015743+0.0037571i,-0.0096443+0.0045484i,-0.012982+0.010658i,-0.018091+0.011568i,-0.0096056+0.0076531i,-0.005944+0.0087447i,-0.018202+0.0052454i,-0.015512+0.017944i,-0.0028905+0.0010415i,0.006573-0.0023389i,0.0025733-0.0009304i,0.007406-0.00064592i,-0.00018414-0.00099919i,-0.0030962-0.00012935i,0.0058806-0.00091651i,0.0056823+0.00069947i,0.0027157+0.0033211i,-0.0064424+0.0021722i,0.0015371+0.0045826i,-0.0013351+0.0019439i,0.0050997+0.0041555i,-0.00013766+0.0012224i,0.0011942+0.00040773i,-0.0024111-0.004482i,0.00025964-0.00028559i,0.00024731+0.00045217i,0.0041487+0.0023021i,0.0013048-0.0020353i,-0.00078406-0.0029294i,-0.00056681+0.00062321i,-0.0016207+0.00039591i,-0.0013937-0.0022373i,-0.0016486+0.00050098i,-0.0020677+0.00047874i,0.00014554-0.0014618i,-0.0013822-0.0023574i,0.0025763-0.0023871i,0.0008178-0.0037227i,-0.0020207+0.00023295i,-0.0014473+0.0024282i,-0.0035109+0.0044646i,0.0045694-0.0024225i,0.0037232-0.001778i,-0.0101+0.0097877i,0.011989+0.013896i,0.012107+0.015205i,0.0068263+0.0048242i,0.0044698-0.0042518i,0.0027177-0.0041876i,0.0040536+0.0055343i
-0.0026088+0.0055033i,0.00023582+0.00097234i,0.0033866+0.0017662i,0.00098175+0.0027018i,-0.0013956-0.00092013i,0.0010649+0.0025032i,0.0012403-0.0029399i,0.0021033+0.004872i,-0.002936+0.002279i,-0.00057691-0.0040465i,0.00018313-0.0022977i,-0.0016548-0.0021698i,-0.0018414+0.00097035i,-0.0015558-0.0015621i,-0.0016027-0.0012181i,-0.0011028-0.0034751i,-0.0027291-0.00012602i,-9.6774e-05-0.0027286i,0.00069624-0.0027759i,-0.0013196+0.00065318i,-0.0017776-0.0005003i,-0.0017536-0.0018985i,-0.0021965-0.00019816i,-0.0043977-0.0024466i,0.0035022-0.0034064i,2.3948e-05-0.00145i,0.00047698-0.0030549i,0.00085353-0.0031275i,0.0026392-0.00050184i,-0.0025202-0.0020077i,-0.002035+0.0021816i,-0.0028686+0.0011412i,-0.0019046-0.0004719i,-0.0014475-0.0019497i,-0.0035892-0.0020717i,-0.0013327+0.0021015i,0.00053371-0.0011084i,0.00012757-0.0022199i,0.001024-0.0015567i,-0.0012365+0.0013008i,-0.0016602-0.0009738i,-0.001472-0.00031428i,-0.00070933-0.0028074i,-0.0030179-0.0022461i,-0.0013952+0.0036013i,-0.012015+0.0093642i,-0.01716+0.0043384i,-0.010625+0.0050025i,-0.01319+0.010863i,-0.015632+0.013562i,-0.0080784+0.0089165i,-0.004444+0.0082744i,-0.016692+0.0058264i,-0.011895+0.018539i,-0.0022276+0.0025548i,0.004713-0.0035752i,0.0022536-0.0013424i,0.007286-0.0048074i,-0.00025575-0.00020395i,-0.0020885+0.0020475i,0.00548-0.0028779i,0.0065006+0.0004729i,0.0030841+0.0020444i,-0.0061953+0.0037574i,0.0032354+0.0029733i,-0.0012617+0.0025191i,0.0054914+0.0023948i,-5.2689e-05+0.0014272i,0.00071474+0.00022113i,-0.0033298-0.0034072i,-0.00036305-0.00086864i,0.00046125+8.8424e-06i,0.0052551+0.0011362i,0.000896-0.0020939i,-0.0012852-0.0018754i,-0.00045995+0.0006614i,-0.0013585+0.0007415i,-0.0021165-0.0013019i,-0.001135+0.0012665i,-0.001561+0.0013816i,-0.00053834-0.0010766i,-0.0020827-0.0014975i,0.0013844-0.00324i,-0.00050658-0.0036804i,-0.0018788+0.0010054i,-0.0010057+0.0027414i,-0.0024256+0.0053265i,0.0039877-0.0030833i,0.0035513-0.0023336i,-0.0090899+0.010578i,0.013436+0.012151i,0.013734+0.0144i,0.0066033+0.0042896i,0.003671-0.0055489i,0.0028377-0.0050557i,0.0044455+0.0058921i
-0.0013735+0.0079862i,0.00021059+0.0007506i,0.0034227+0.00097197i,0.0010452+0.0021693i,-0.0012963-0.00030955i,0.0013904+0.0027493i,-0.00059006-0.0015817i,0.002349+0.0045558i,-0.0029535+0.0038303i,-0.0014671-0.0036884i,-0.00034764-0.0024354i,-0.0014459-0.0017488i,-0.0010907+0.001317i,-0.0015357-0.0012938i,-0.0019463-0.00087801i,-0.0019753-0.0027567i,-0.0024363+0.00057493i,-0.00086615-0.002584i,3.5423e-05-0.0029585i,-0.0008856+0.0008174i,-0.0018576+0.00022202i,-0.0021226-0.0012848i,-0.0020107+0.00049119i,-0.0043373-0.00070271i,0.001831-0.0044651i,-0.00039756-0.0016601i,-0.00075797-0.0030298i,-0.00048181-0.0030991i,0.0024321-0.0013229i,-0.0029172-0.00082788i,-0.0010818+0.0029213i,-0.0019529+0.0019934i,-0.0018138+0.00023177i,-0.0019698-0.0011004i,-0.0040367-0.00046301i,-0.00038927+0.0020774i,0.00011073-0.0011783i,-0.00069706-0.001921i,0.00041983-0.0016216i,-0.00079683+0.002006i,-0.0017085-0.00047803i,-0.0015597+0.00011358i,-0.0016275-0.0028728i,-0.0036367-0.0016393i,-0.001349+0.0042025i,-0.011212+0.010833i,-0.018467+0.0062603i,-0.011+0.0060023i,-0.013902+0.01188i,-0.013229+0.013957i,-0.0060693+0.0093349i,-0.003917+0.0068326i,-0.015801+0.0057824i,-0.0087976+0.017511i,-0.00073985+0.0037588i,0.0030983-0.0036839i,0.0017035-0.0016111i,0.0082424-0.0030461i,0.00013286+0.00061081i,-2.6014e-05+0.0033317i,0.0041722-0.0044671i,0.0070933-0.00087707i,0.0028062+0.0011218i,-0.0053432+0.0053066i,0.0035361+0.00084471i,-0.00077886+0.0032036i,0.0054095+0.00076561i,7.1935e-05+0.0022297i,0.0002897+0.0001048i,-0.0036212-0.0017545i,-0.0013306-0.0011285i,0.00028976-0.00035873i,0.0057204-0.0010946i,0.0005145-0.0020816i,-0.00081425-0.0014281i,-0.00042489+0.0010979i,-0.001051+0.0012971i,-0.0022409-0.00015733i,-0.00029682+0.0017508i,-0.00059123+0.0019477i,-0.0005382-0.0005766i,-0.0023165-0.00047606i,-0.00022981-0.0032151i,-0.001876-0.0031219i,-0.0014164+0.0015016i,-0.00040961+0.0031051i,-0.00094925+0.005793i,0.0035226-0.0039672i,0.0033572-0.0028718i,-0.0079013+0.010906i,0.014759+0.01026i,0.015327+0.013587i,0.0062935+0.0041646i,0.0027682-0.0060679i,0.0022657-0.0058996i,0.0049952+0.0061426i
0.0050736+0.010038i,-4.4229e-06+0.00040069i,0.0032466+0.00022806i,0.00092218+0.0017447i,-0.00099689+5.1913e-05i,0.0019622+0.0030535i,-0.0010616+0.00034193i,0.0026482+0.0043415i,-0.002122+0.0050004i,-0.0022015-0.0032948i,-0.00099086-0.0023042i,-0.0012724-0.0018069i,-0.00044551+0.0012814i,-0.0016494-0.0010892i,-0.0021716-0.00043225i,-0.0023234-0.0018444i,-0.0019831+0.00094793i,-0.0014537-0.0021162i,-0.00081906-0.0031928i,-0.00047431+0.00077665i,-0.0015678+0.00085173i,-0.0023324-0.00065459i,-0.0016825+0.0010179i,-0.0037762+0.00053444i,-9.309e-05-0.0046439i,-0.0011456-0.0016545i,-0.0018282-0.0024612i,-0.0015185-0.0024621i,0.0018965-0.0021813i,-0.0029189+0.00042529i,0.00018511+0.0031738i,-0.0010199+0.0022783i,-0.0015151+0.00084012i,-0.0020773-0.00026857i,-0.0037063+0.001039i,0.00042209+0.0016756i,-0.00027744-0.0010696i,-0.0010899-0.0014109i,-0.00010619-0.0015562i,-8.7164e-06+0.0025078i,-0.0016673-1.9325e-05i,-0.0014529+0.00063388i,-0.0024583-0.0022647i,-0.0039339-0.00098923i,-0.0010868+0.0045876i,-0.0098901+0.011786i,-0.018462+0.0090604i,-0.010853+0.007081i,-0.014025+0.013764i,-0.011464+0.013916i,-0.0043322+0.0090682i,-0.0044404+0.0053605i,-0.015394+0.0053675i,-0.0069319+0.016089i,0.0012528+0.0040672i,0.0022405-0.0032035i,0.001302-0.0013227i,0.0064046-0.0042874i,0.0009102+0.001064i,0.0022372+0.0032848i,0.0023843-0.0051895i,0.0070923-0.0022983i,0.0025373+0.00053751i,-0.0041415+0.0065763i,0.0027293-0.00075575i,0.00011227+0.0036375i,0.0047682-0.00069445i,0.001676+0.00078715i,-0.00015064+0.00035682i,-0.0035903-0.0005206i,-0.0020228-0.0001725i,6.942e-05-0.00037016i,0.0048646-0.0029879i,8.5113e-05-0.0022979i,-0.00063434-0.0015429i,0.00034667+0.0015098i,-0.00037851+0.0015821i,-0.0018007+0.00087694i,0.00066446+0.0018298i,0.00072231+0.0021663i,-0.00043585-0.00049922i,-0.0022196+0.00050245i,-0.0014386-0.0024196i,-0.0029217-0.001863i,-0.0010893+0.0018591i,0.00029206+0.0030766i,0.00059671+0.0057624i,0.0026062-0.0045768i,0.0030547-0.0036641i,-0.0067441+0.011431i,0.015606+0.0080089i,0.017262+0.012022i,0.006388+0.0042841i,0.0019847-0.0063604i,0.0014624-0.0063383i,0.0057205+0.0061964i
0.0038984+0.0022741i,-0.00053924+0.00038682i,0.0028585-0.00043585i,0.00066718+0.0013662i,-0.00080006-2.3996e-05i,0.0023038+0.0032109i,-0.00051634+0.0017515i,0.0030104+0.0040105i,-0.0011289+0.0055936i,-0.0028225-0.0028218i,-0.0014597-0.0019162i,-0.0014103-0.0021062i,0.00010691+0.00097609i,-0.0017516-0.00082325i,-0.0022773+0.00016235i,-0.0023846-0.0012166i,-0.0014532+0.0010876i,-0.0018434-0.0016362i,-0.0021735-0.0031225i,-0.00029937+0.00055746i,-0.0011022+0.001307i,-0.002339-9.5417e-06i,-0.0011688+0.0013617i,-0.0031212+0.0013911i,-0.0018654-0.0040931i,-0.0018784-0.0010317i,-0.0025753-0.0014621i,-0.0021317-0.0016838i,0.0010215-0.002794i,-0.0025588+0.001486i,0.0014201+0.0028622i,-0.00011549+0.0022608i,-0.0010661+0.0012831i,-0.001918+0.00049178i,-0.0030252+0.0021329i,0.00089037+0.0011324i,-0.00057166-0.00083393i,-0.0013857-0.00089486i,-0.00050114-0.0013838i,0.0010184+0.0026263i,-0.0015986+0.00043982i,-0.0011812+0.0010069i,-0.0031352-0.0014493i,-0.0038534-0.00017903i,-0.0006402+0.004828i,-0.0088037+0.012201i,-0.017328+0.011585i,-0.010336+0.0081743i,-0.013045+0.015723i,-0.010421+0.014016i,-0.0026237+0.0082325i,-0.0057591+0.0044245i,-0.015536+0.0053672i,-0.0056498+0.014607i,0.0029083+0.0035119i,0.0019646-0.0027566i,0.0013874-0.0011443i,0.005007-0.0047925i,0.0019822+0.0010096i,0.0037062+0.0023142i,0.00052392-0.0052225i,0.0064997-0.003565i,0.0023394+0.00017212i,-0.0025485+0.0075265i,0.0015189-0.0015112i,0.0011575+0.0036496i,0.0043204-0.0017062i,0.001131+0.00046262i,-0.00029826+0.00087258i,-0.0031339+0.00051642i,-0.0023443+0.00084076i,-0.00015491-0.00033574i,0.00361-0.0043859i,-0.00042132-0.0024726i,-0.00023187-0.0014496i,0.0012719+0.0012786i,0.00020333+0.0017055i,-0.0010427+0.001505i,0.0014779+0.0014588i,0.001858+0.0016053i,-0.00060328-0.00041432i,-0.0016364+0.0014343i,-0.002072-0.0014034i,-0.0033146-0.00044359i,-0.00059287+0.0021941i,0.00097094+0.0030168i,0.001893+0.005136i,0.0015246-0.0047206i,0.0025952-0.0044551i,-0.0053413+0.011585i,0.015655+0.0056704i,0.018467+0.0096754i,0.0069428+0.0043964i,0.0013369-0.0064213i,0.00061179-0.0065018i,0.0063768+0.0061931i
0.002314+0.002255i,-0.00081722+0.00070801i,0.0023276-0.00098019i,0.00047561+0.0011579i,-0.001041-0.0001182i,0.0027505+0.0031426i,0.00042573+0.0025659i,0.0033934+0.0036193i,0.00011574+0.0057616i,-0.0033304-0.0022415i,-0.0017804-0.0015124i,-0.0019154-0.0023752i,0.00037601+0.00049954i,-0.0018477-0.00058873i,-0.0021881+0.00081278i,-0.0022479-0.00077531i,-0.0010301+0.0011044i,-0.0021998-0.0012418i,-0.0037548-0.0019832i,-0.00034039+0.00044546i,-0.0004952+0.0016058i,-0.0022464+0.00062307i,-0.00065046+0.0015186i,-0.0024395+0.001843i,-0.0031748-0.0030198i,-0.0021008-5.0891e-05i,-0.0028158-0.00026913i,-0.0024966-0.00081709i,-0.00010181-0.0030753i,-0.0018139+0.0023136i,0.0024564+0.0021341i,0.00056966+0.0019915i,-0.00057813+0.0014929i,-0.0015008+0.0011221i,-0.0022175+0.003067i,0.00099601+0.00062461i,-0.00072629-0.00057081i,-0.0015463-0.00040583i,-0.00088475-0.0011314i,0.0021727+0.0022132i,-0.0013208+0.00089239i,-0.00080979+0.0013263i,-0.0034096-0.00059551i,-0.0036533+0.00060955i,-0.0004002+0.0049862i,-0.0080119+0.01277i,-0.015264+0.013624i,-0.009158+0.0090478i,-0.011349+0.017098i,-0.0091706+0.014454i,-0.0012488+0.0066488i,-0.0076602+0.0042203i,-0.015738+0.0061076i,-0.0047897+0.012922i,0.0041254+0.0025474i,0.0017758-0.0025402i,0.0013004-0.0011466i,0.0040664-0.0050635i,0.0027838+0.0002692i,0.0044853+0.0015146i,-0.0011168-0.0045477i,0.0053835-0.0048297i,0.0022712-6.946e-05i,-0.00063668+0.0080917i,0.00039494-0.0013449i,0.002087+0.0032546i,0.0035788-0.0026877i,0.001037+0.00039224i,1.4758e-05+0.0015886i,-0.0027182+0.0015475i,-0.0027232+0.0019236i,-0.00032582-5.676e-05i,0.0017704-0.005524i,-0.0012076-0.0024807i,0.0002885-0.0018308i,0.0020367+0.00065214i,0.0008616+0.0017425i,-0.00023274+0.0015781i,0.0019597+0.00079373i,0.0025782+0.00067604i,-0.00060903-0.00013124i,-0.00070093+0.0019867i,-0.0022664-0.00030372i,-0.0030979+0.0011737i,7.7913e-05+0.0022673i,0.00167+0.0028265i,0.003122+0.0045865i,0.00077714-0.0044256i,0.0016577-0.0052427i,-0.0039336+0.011262i,0.015323+0.003966i,0.019114+0.0076767i,0.0077809+0.0040052i,0.0010047-0.0066515i,-0.0001377-0.0065214i,0.0072837+0.0061255i
0.0019518+0.0021343i,-0.00080078+0.0010444i,0.0017278-0.0014707i,-4.5645e-06+0.00096067i,-0.0013893+0.00021106i,0.0031811+0.0029359i,0.0015683+0.0029033i,0.0037863+0.0031334i,0.0013609+0.005402i,-0.0038018-0.0015145i,-0.0019736-0.0011027i,-0.0031025-0.0026001i,0.00030198+2.6232e-05i,-0.001926-0.00027468i,-0.0018725+0.0013841i,-0.002053-0.00054143i,-0.00070339+0.00096605i,-0.0025451-0.00069659i,-0.0040778+0.00015134i,-0.00035966+0.00049578i,0.00017614+0.0015381i,-0.002031+0.001287i,-0.0001399+0.0014189i,-0.0018396+0.002086i,-0.0039015-0.0014979i,-0.0018156+0.00077945i,-0.0025123+0.00080972i,-0.0025217+0.00015078i,-0.001272-0.0028445i,-0.00063769+0.0029874i,0.0030456+0.0010197i,0.0010955+0.0016421i,-2.688e-05+0.0015714i,-0.00090344+0.0015247i,-0.00080478+0.0037805i,0.00091961+0.00026568i,-0.00080686-0.00035241i,-0.0015703+7.9037e-05i,-0.001166-0.00078758i,0.0028726+0.0012083i,-0.00096318+0.0013122i,-0.00028787+0.0015732i,-0.0032762+0.00036269i,-0.0033996+0.00097255i,7.5207e-05+0.0050344i,-0.0071008+0.013664i,-0.012518+0.014514i,-0.0077795+0.0090657i,-0.009337+0.017807i,-0.0075808+0.014725i,-0.00076289+0.0045442i,-0.0098607+0.0052613i,-0.015344+0.0070202i,-0.0046744+0.011488i,0.0047544+0.0013022i,0.0015504-0.0025979i,0.0014943-0.001029i,0.0034646-0.0049696i,0.0031576-0.00070201i,0.0053632+0.00066773i,-0.0021523-0.0031287i,0.0037527-0.0051001i,0.0022647-0.00046753i,0.0015948+0.0082205i,-0.0001001-0.00070601i,0.0029478+0.0025837i,0.0023576-0.0031482i,0.00099045+0.00034171i,0.00076224+0.0020259i,-0.0021536+0.0026596i,-0.0032041+0.0025449i,-0.00020082+0.00027851i,-0.00081904-0.0057158i,-0.0021934-0.0019959i,0.0007484-0.0037687i,0.0023926-0.00039002i,0.0016186+0.0013681i,0.00049443+0.0014092i,0.0022232+0.00023144i,0.0029806-0.00036181i,-0.00042186-8.7567e-05i,0.00035636+0.0020614i,-0.0019456+0.00092164i,-0.0018828+0.0025567i,0.00081249+0.0022554i,0.0024246+0.0023443i,0.0043026+0.0038222i,0.00040887-0.0042021i,0.00028813-0.0057446i,-0.0026642+0.010711i,0.01484+0.0024922i,0.019576+0.0054289i,0.0083225+0.0029947i,0.00049877-0.0073215i,-0.00079153-0.006278i,0.0081626+0.0056144i
0.00168+0.0019441i,-0.00048152+0.0012487i,0.0005488-0.001605i,-0.0004767+0.0010458i,-0.0014759+0.00071304i,0.0036022+0.0027507i,0.0027575+0.0025201i,0.0040506+0.0023276i,0.0021012+0.0045093i,-0.0039612-0.00071679i,-0.0021476-0.00067462i,-0.0037169-0.0026497i,-4.015e-05-0.00025585i,-0.0019155+0.00016451i,-0.0013226+0.0018418i,-0.0019526-0.00039609i,-0.00050112+0.00070706i,-0.0027051+0.00016611i,-0.0031357+0.0017128i,-0.0003277+0.00063169i,0.00068327+0.00122i,-0.0015335+0.001924i,0.00017868+0.001188i,-0.0012731+0.002267i,-0.0040082-9.8299e-06i,-0.0013131+0.0012743i,-0.0018691+0.0016269i,-0.002158+0.00096623i,-0.0022328-0.002161i,0.00096982+0.0030358i,0.003107-0.00028451i,0.0016016+0.0012462i,0.00056226+0.0013953i,-0.00023426+0.0015947i,0.00088437+0.0036035i,0.00068919+6.2821e-05i,-0.00088224-0.00010201i,-0.001541+0.00057115i,-0.0013093-0.00036323i,0.0029723+1.3667e-05i,-0.00045833+0.0016036i,0.00031501+0.0015985i,-0.0028422+0.0011869i,-0.0030335+0.001127i,0.000368+0.0049471i,-0.0054097+0.014522i,-0.010063+0.01411i,-0.0069147+0.0086248i,-0.0073272+0.017768i,-0.0055968+0.014425i,-0.0016008+0.0023397i,-0.011236+0.0076143i,-0.014611+0.00761i,-0.0050036+0.010469i,0.0051664+0.00028026i,0.001418-0.0025768i,0.0018476-0.001267i,0.0030445-0.0051587i,0.0032129-0.0018015i,0.0060206-0.00056991i,-0.0022429-0.0014345i,0.0027956-0.0043113i,0.0022604-0.0010178i,0.0047438+0.0074894i,-3.4067e-05-0.00028884i,0.0034512+0.0016835i,0.0015577-0.0032675i,0.0011062+0.00029023i,0.0018551+0.0019323i,-0.0012476+0.0035313i,-0.0023229+0.0030333i,5.7093e-05+0.00052227i,-0.0029731-0.0042101i,-0.0028582-0.0010057i,-0.0021009-0.0049686i,0.002117-0.0014081i,0.0022924+0.00060066i,0.0012605+0.0010429i,0.0024651-0.00034905i,0.0029386-0.0015773i,-0.00042893-0.00018626i,0.0012988+0.0017099i,-0.0011129+0.0016975i,-0.00019265+0.0030581i,0.0015051+0.0018102i,0.0029362+0.0012494i,0.0051098+0.002374i,6.0369e-05-0.0040546i,-0.0011572-0.0057268i,-0.0017623+0.0098743i,0.014296+0.0012521i,0.019481+0.0028665i,0.008137+0.0018787i,-0.00055203-0.0078783i,-0.001116-0.0058815i,0.0088544+0.004862i
0.001204+0.0018114i,-0.00021492+0.0012196i,-0.00030648-0.00097447i,-0.00079465+0.0012459i,-0.0012278+0.0012941i,0.004049+0.002536i,0.0033055+0.001536i,0.0039833+0.0014828i,0.0022256+0.0037242i,-0.0039651+0.00014752i,-0.0022183-0.00013804i,-0.0043442-0.0014035i,-0.00038288-0.00027113i,-0.0015987+0.00044712i,-0.00065622+0.0020176i,-0.0019586-0.00035217i,-0.00051655+0.00054141i,-0.0024924+0.00093668i,-0.0018354+0.002579i,-0.00015598+0.00081843i,0.00094268+0.00078825i,-0.00086335+0.0022626i,0.0003896+0.00099348i,-0.00071299+0.0022126i,-0.0035337+0.0012754i,-0.00075805+0.001588i,-0.00098552+0.0020305i,-0.0016483+0.0014748i,-0.0028157-0.0011769i,0.0019948+0.0012329i,0.0027033-0.0015494i,0.0019561+0.00059649i,0.00099472+0.0010439i,0.00030593+0.0014083i,0.0020286+0.0028218i,0.00047999+0.0002171i,-0.00085131+0.0001906i,-0.0014027+0.0010385i,-0.0013766+4.0301e-05i,0.0025938-0.0011029i,0.00016093+0.0015549i,0.00083327+0.0013304i,-0.0022689+0.0015779i,-0.003089+0.00144i,0.00057948+0.0048621i,-0.0033654+0.014722i,-0.0086765+0.013144i,-0.0066415+0.008214i,-0.0058437+0.017194i,-0.0042352+0.013946i,-0.0033547+0.00079875i,-0.011431+0.010138i,-0.014206+0.0080691i,-0.0054047+0.0097821i,0.0055808-0.00066691i,0.0010254-0.0025112i,0.0018666-0.0018867i,0.0025184-0.0056302i,0.0027622-0.0030838i,0.006306-0.0018179i,-0.0016871-0.0002531i,0.0027623-0.003639i,0.0019706-0.0015645i,0.0060526+0.0030476i,0.00014049-0.00031453i,0.0035511+0.00066971i,0.00076772-0.0033693i,0.0014185+1.722e-05i,0.0027426+0.00092204i,0.00013027+0.0042502i,-0.00092523+0.0032984i,0.00046394+0.00064505i,-0.0037395-0.0021357i,-0.0028321+0.00030322i,-0.0043311-0.0027895i,0.0015672-0.0020372i,0.0026145-0.00034578i,0.0017864+0.00031851i,0.0025705-0.0010364i,0.0024943-0.0028442i,-0.00055883-6.1516e-05i,0.0020367+0.0010543i,-0.00034515+0.0018867i,0.0011778+0.0024545i,0.0019257+0.0011767i,0.003121+5.7946e-05i,0.0053682+0.00083003i,-0.00049806-0.0039641i,-0.0024656-0.0050239i,-0.0010917+0.0087627i,0.013749+0.00026013i,0.018763+0.0010308i,0.0076428+0.001242i,-0.0016731-0.0079344i,-0.0012785-0.0058008i,0.0093785+0.0042376i
